# BEGIN PLOT
XTwosidedTicks=1
YTwosidedTicks=1
Title=Top selection, soft-dropped
RatioPlotReference=/ATLAS_2019_I1724098/d08-x01-y01
RatioPlot=1
LogY=0
LegendXPos=0.05
XLabel=$C_2$
LegendAlign=l
YLabel=$\dfrac{1}{\sigma} \; \dfrac{\text{d}\sigma}{\text{d} C_2}$
DrawOnly=/ATLAS_2019_I1724098/d08-x01-y01 //Users/jenniferroloff/Work/tuningStudies/SoftDropMassInclPt_tune.yoda/ATLAS_2019_I1724098/d08-x01-y01 //Users/jenniferroloff/Work/tuningStudies/JSS_tune.yoda/ATLAS_2019_I1724098/d08-x01-y01 //Users/jenniferroloff/Work/tuningStudies/monash_tune.yoda/ATLAS_2019_I1724098/d08-x01-y01 //Users/jenniferroloff/Work/tuningStudies/ATLAS_tune.yoda/ATLAS_2019_I1724098/d08-x01-y01
Legend=1
LegendOnly=/ATLAS_2019_I1724098/d08-x01-y01 //Users/jenniferroloff/Work/tuningStudies/SoftDropMassInclPt_tune.yoda/ATLAS_2019_I1724098/d08-x01-y01 //Users/jenniferroloff/Work/tuningStudies/JSS_tune.yoda/ATLAS_2019_I1724098/d08-x01-y01 //Users/jenniferroloff/Work/tuningStudies/monash_tune.yoda/ATLAS_2019_I1724098/d08-x01-y01 //Users/jenniferroloff/Work/tuningStudies/ATLAS_tune.yoda/ATLAS_2019_I1724098/d08-x01-y01
LeftMargin=1.8
# END PLOT

# BEGIN HISTO1D /ATLAS_2019_I1724098/d08-x01-y01
ConnectBins=0
ErrorBars=1
IsRef=1
Path=/ATLAS_2019_I1724098/d08-x01-y01
PolyMarker=*
Title=Data
# xlow	 xhigh	 val	 errminus	 errplus
0.000000e+00	1.740000e-01	1.706558e-02	3.051085e-03	3.903742e-03
1.740000e-01	2.900000e-01	4.102515e-02	1.077633e-02	1.314861e-02
2.900000e-01	3.190000e-01	1.703532e-01	4.856623e-02	5.479785e-02
3.190000e-01	3.480000e-01	4.251981e-01	1.072479e-01	1.094601e-01
3.480000e-01	3.770000e-01	5.677926e-01	9.738031e-02	1.130450e-01
3.770000e-01	4.060000e-01	8.399634e-01	1.155274e-01	1.298010e-01
4.060000e-01	4.350000e-01	1.141613e+00	1.442886e-01	1.540289e-01
4.350000e-01	4.640000e-01	1.786425e+00	1.877160e-01	1.967124e-01
4.640000e-01	4.930000e-01	2.537380e+00	2.509717e-01	2.080008e-01
4.930000e-01	5.220000e-01	3.282997e+00	2.080302e-01	2.542185e-01
5.220000e-01	5.510000e-01	3.756454e+00	2.316069e-01	3.108090e-01
5.510000e-01	5.800000e-01	4.178255e+00	2.472319e-01	3.058583e-01
5.800000e-01	6.090000e-01	4.399441e+00	3.119428e-01	2.632258e-01
6.090000e-01	6.380000e-01	3.904674e+00	3.529145e-01	3.688295e-01
6.380000e-01	6.670000e-01	3.250063e+00	4.402707e-01	5.143179e-01
6.670000e-01	6.960000e-01	1.908738e+00	4.295757e-01	4.417769e-01
6.960000e-01	7.250000e-01	8.734488e-01	2.465704e-01	2.725296e-01
7.250000e-01	7.540000e-01	5.615612e-01	1.705480e-01	1.971274e-01
7.540000e-01	7.830000e-01	3.033087e-01	9.789850e-02	1.180574e-01
7.830000e-01	8.120000e-01	2.368792e-01	9.544543e-02	1.239522e-01
8.120000e-01	8.410000e-01	9.171951e-02	4.994725e-02	5.584139e-02
# END HISTO1D


# BEGIN HISTO1D //Users/jenniferroloff/Work/tuningStudies/SoftDropMassInclPt_tune.yoda/ATLAS_2019_I1724098/d08-x01-y01
LineColor=red
LineStyle=solid
Path=//Users/jenniferroloff/Work/tuningStudies/SoftDropMassInclPt_tune.yoda/ATLAS_2019_I1724098/d08-x01-y01
Title=Mass only, incl. pT
# xlow	 xhigh	 val	 errminus	 errplus
0.000000e+00	1.740000e-01	0.000000e+00	0.000000e+00	0.000000e+00
1.740000e-01	2.900000e-01	0.000000e+00	0.000000e+00	0.000000e+00
2.900000e-01	3.190000e-01	0.000000e+00	0.000000e+00	0.000000e+00
3.190000e-01	3.480000e-01	0.000000e+00	0.000000e+00	0.000000e+00
3.480000e-01	3.770000e-01	0.000000e+00	0.000000e+00	0.000000e+00
3.770000e-01	4.060000e-01	0.000000e+00	0.000000e+00	0.000000e+00
4.060000e-01	4.350000e-01	0.000000e+00	0.000000e+00	0.000000e+00
4.350000e-01	4.640000e-01	0.000000e+00	0.000000e+00	0.000000e+00
4.640000e-01	4.930000e-01	0.000000e+00	0.000000e+00	0.000000e+00
4.930000e-01	5.220000e-01	0.000000e+00	0.000000e+00	0.000000e+00
5.220000e-01	5.510000e-01	0.000000e+00	0.000000e+00	0.000000e+00
5.510000e-01	5.800000e-01	0.000000e+00	0.000000e+00	0.000000e+00
5.800000e-01	6.090000e-01	0.000000e+00	0.000000e+00	0.000000e+00
6.090000e-01	6.380000e-01	0.000000e+00	0.000000e+00	0.000000e+00
6.380000e-01	6.670000e-01	0.000000e+00	0.000000e+00	0.000000e+00
6.670000e-01	6.960000e-01	0.000000e+00	0.000000e+00	0.000000e+00
6.960000e-01	7.250000e-01	0.000000e+00	0.000000e+00	0.000000e+00
7.250000e-01	7.540000e-01	0.000000e+00	0.000000e+00	0.000000e+00
7.540000e-01	7.830000e-01	0.000000e+00	0.000000e+00	0.000000e+00
7.830000e-01	8.120000e-01	0.000000e+00	0.000000e+00	0.000000e+00
8.120000e-01	8.410000e-01	0.000000e+00	0.000000e+00	0.000000e+00
# END HISTO1D


# BEGIN HISTO1D //Users/jenniferroloff/Work/tuningStudies/JSS_tune.yoda/ATLAS_2019_I1724098/d08-x01-y01
LineColor=blue
LineStyle=solid
Path=//Users/jenniferroloff/Work/tuningStudies/JSS_tune.yoda/ATLAS_2019_I1724098/d08-x01-y01
Title=JSS Obs.
# xlow	 xhigh	 val	 errminus	 errplus
0.000000e+00	1.740000e-01	0.000000e+00	0.000000e+00	0.000000e+00
1.740000e-01	2.900000e-01	0.000000e+00	0.000000e+00	0.000000e+00
2.900000e-01	3.190000e-01	0.000000e+00	0.000000e+00	0.000000e+00
3.190000e-01	3.480000e-01	0.000000e+00	0.000000e+00	0.000000e+00
3.480000e-01	3.770000e-01	0.000000e+00	0.000000e+00	0.000000e+00
3.770000e-01	4.060000e-01	0.000000e+00	0.000000e+00	0.000000e+00
4.060000e-01	4.350000e-01	0.000000e+00	0.000000e+00	0.000000e+00
4.350000e-01	4.640000e-01	0.000000e+00	0.000000e+00	0.000000e+00
4.640000e-01	4.930000e-01	0.000000e+00	0.000000e+00	0.000000e+00
4.930000e-01	5.220000e-01	0.000000e+00	0.000000e+00	0.000000e+00
5.220000e-01	5.510000e-01	0.000000e+00	0.000000e+00	0.000000e+00
5.510000e-01	5.800000e-01	0.000000e+00	0.000000e+00	0.000000e+00
5.800000e-01	6.090000e-01	0.000000e+00	0.000000e+00	0.000000e+00
6.090000e-01	6.380000e-01	0.000000e+00	0.000000e+00	0.000000e+00
6.380000e-01	6.670000e-01	0.000000e+00	0.000000e+00	0.000000e+00
6.670000e-01	6.960000e-01	0.000000e+00	0.000000e+00	0.000000e+00
6.960000e-01	7.250000e-01	0.000000e+00	0.000000e+00	0.000000e+00
7.250000e-01	7.540000e-01	0.000000e+00	0.000000e+00	0.000000e+00
7.540000e-01	7.830000e-01	0.000000e+00	0.000000e+00	0.000000e+00
7.830000e-01	8.120000e-01	0.000000e+00	0.000000e+00	0.000000e+00
8.120000e-01	8.410000e-01	0.000000e+00	0.000000e+00	0.000000e+00
# END HISTO1D


# BEGIN HISTO1D //Users/jenniferroloff/Work/tuningStudies/monash_tune.yoda/ATLAS_2019_I1724098/d08-x01-y01
LineColor=green
LineStyle=solid
Path=//Users/jenniferroloff/Work/tuningStudies/monash_tune.yoda/ATLAS_2019_I1724098/d08-x01-y01
Title=Monash
# xlow	 xhigh	 val	 errminus	 errplus
0.000000e+00	1.740000e-01	0.000000e+00	0.000000e+00	0.000000e+00
1.740000e-01	2.900000e-01	0.000000e+00	0.000000e+00	0.000000e+00
2.900000e-01	3.190000e-01	0.000000e+00	0.000000e+00	0.000000e+00
3.190000e-01	3.480000e-01	0.000000e+00	0.000000e+00	0.000000e+00
3.480000e-01	3.770000e-01	0.000000e+00	0.000000e+00	0.000000e+00
3.770000e-01	4.060000e-01	0.000000e+00	0.000000e+00	0.000000e+00
4.060000e-01	4.350000e-01	0.000000e+00	0.000000e+00	0.000000e+00
4.350000e-01	4.640000e-01	0.000000e+00	0.000000e+00	0.000000e+00
4.640000e-01	4.930000e-01	0.000000e+00	0.000000e+00	0.000000e+00
4.930000e-01	5.220000e-01	0.000000e+00	0.000000e+00	0.000000e+00
5.220000e-01	5.510000e-01	0.000000e+00	0.000000e+00	0.000000e+00
5.510000e-01	5.800000e-01	0.000000e+00	0.000000e+00	0.000000e+00
5.800000e-01	6.090000e-01	0.000000e+00	0.000000e+00	0.000000e+00
6.090000e-01	6.380000e-01	0.000000e+00	0.000000e+00	0.000000e+00
6.380000e-01	6.670000e-01	0.000000e+00	0.000000e+00	0.000000e+00
6.670000e-01	6.960000e-01	0.000000e+00	0.000000e+00	0.000000e+00
6.960000e-01	7.250000e-01	0.000000e+00	0.000000e+00	0.000000e+00
7.250000e-01	7.540000e-01	0.000000e+00	0.000000e+00	0.000000e+00
7.540000e-01	7.830000e-01	0.000000e+00	0.000000e+00	0.000000e+00
7.830000e-01	8.120000e-01	0.000000e+00	0.000000e+00	0.000000e+00
8.120000e-01	8.410000e-01	0.000000e+00	0.000000e+00	0.000000e+00
# END HISTO1D


# BEGIN HISTO1D //Users/jenniferroloff/Work/tuningStudies/ATLAS_tune.yoda/ATLAS_2019_I1724098/d08-x01-y01
LineColor=orange
LineStyle=solid
Path=//Users/jenniferroloff/Work/tuningStudies/ATLAS_tune.yoda/ATLAS_2019_I1724098/d08-x01-y01
Title=ATLAS
# xlow	 xhigh	 val	 errminus	 errplus
0.000000e+00	1.740000e-01	0.000000e+00	0.000000e+00	0.000000e+00
1.740000e-01	2.900000e-01	0.000000e+00	0.000000e+00	0.000000e+00
2.900000e-01	3.190000e-01	0.000000e+00	0.000000e+00	0.000000e+00
3.190000e-01	3.480000e-01	0.000000e+00	0.000000e+00	0.000000e+00
3.480000e-01	3.770000e-01	0.000000e+00	0.000000e+00	0.000000e+00
3.770000e-01	4.060000e-01	0.000000e+00	0.000000e+00	0.000000e+00
4.060000e-01	4.350000e-01	0.000000e+00	0.000000e+00	0.000000e+00
4.350000e-01	4.640000e-01	0.000000e+00	0.000000e+00	0.000000e+00
4.640000e-01	4.930000e-01	0.000000e+00	0.000000e+00	0.000000e+00
4.930000e-01	5.220000e-01	0.000000e+00	0.000000e+00	0.000000e+00
5.220000e-01	5.510000e-01	0.000000e+00	0.000000e+00	0.000000e+00
5.510000e-01	5.800000e-01	0.000000e+00	0.000000e+00	0.000000e+00
5.800000e-01	6.090000e-01	0.000000e+00	0.000000e+00	0.000000e+00
6.090000e-01	6.380000e-01	0.000000e+00	0.000000e+00	0.000000e+00
6.380000e-01	6.670000e-01	0.000000e+00	0.000000e+00	0.000000e+00
6.670000e-01	6.960000e-01	0.000000e+00	0.000000e+00	0.000000e+00
6.960000e-01	7.250000e-01	0.000000e+00	0.000000e+00	0.000000e+00
7.250000e-01	7.540000e-01	0.000000e+00	0.000000e+00	0.000000e+00
7.540000e-01	7.830000e-01	0.000000e+00	0.000000e+00	0.000000e+00
7.830000e-01	8.120000e-01	0.000000e+00	0.000000e+00	0.000000e+00
8.120000e-01	8.410000e-01	0.000000e+00	0.000000e+00	0.000000e+00
# END HISTO1D

