# BEGIN PLOT
XTwosidedTicks=1
YTwosidedTicks=1
Title=Top selection, soft-dropped
RatioPlotReference=/ATLAS_2019_I1724098/d13-x01-y01
RatioPlot=1
LogY=0
LegendXPos=0.05
XLabel=ECF3$^\text{norm}$
LegendAlign=l
YLabel=$\dfrac{1}{\sigma} \; \dfrac{\text{d}\sigma}{\text{d} \tau_{21}^\text{WTA}}$
DrawOnly=/ATLAS_2019_I1724098/d13-x01-y01 //Users/jenniferroloff/Work/tuningStudies/SoftDropMassInclPt_tune.yoda/ATLAS_2019_I1724098/d13-x01-y01 //Users/jenniferroloff/Work/tuningStudies/JSS_tune.yoda/ATLAS_2019_I1724098/d13-x01-y01 //Users/jenniferroloff/Work/tuningStudies/monash_tune.yoda/ATLAS_2019_I1724098/d13-x01-y01 //Users/jenniferroloff/Work/tuningStudies/ATLAS_tune.yoda/ATLAS_2019_I1724098/d13-x01-y01
Legend=1
LegendOnly=/ATLAS_2019_I1724098/d13-x01-y01 //Users/jenniferroloff/Work/tuningStudies/SoftDropMassInclPt_tune.yoda/ATLAS_2019_I1724098/d13-x01-y01 //Users/jenniferroloff/Work/tuningStudies/JSS_tune.yoda/ATLAS_2019_I1724098/d13-x01-y01 //Users/jenniferroloff/Work/tuningStudies/monash_tune.yoda/ATLAS_2019_I1724098/d13-x01-y01 //Users/jenniferroloff/Work/tuningStudies/ATLAS_tune.yoda/ATLAS_2019_I1724098/d13-x01-y01
LeftMargin=1.8
# END PLOT

# BEGIN HISTO1D /ATLAS_2019_I1724098/d13-x01-y01
ConnectBins=0
ErrorBars=1
IsRef=1
Path=/ATLAS_2019_I1724098/d13-x01-y01
PolyMarker=*
Title=Data
# xlow	 xhigh	 val	 errminus	 errplus
0.000000e+00	1.160000e-01	8.144440e-02	3.498893e-02	2.829504e-02
1.160000e-01	1.450000e-01	5.092515e-01	1.751147e-01	1.364506e-01
1.450000e-01	1.740000e-01	7.264185e-01	2.198130e-01	1.661411e-01
1.740000e-01	2.030000e-01	8.134143e-01	1.917429e-01	1.507105e-01
2.030000e-01	2.320000e-01	9.912362e-01	2.068893e-01	1.409430e-01
2.320000e-01	2.610000e-01	1.136839e+00	1.908884e-01	1.389628e-01
2.610000e-01	2.900000e-01	1.231163e+00	1.875958e-01	1.381024e-01
2.900000e-01	3.190000e-01	1.457568e+00	1.590991e-01	1.594378e-01
3.190000e-01	3.480000e-01	1.675102e+00	1.686049e-01	1.798246e-01
3.480000e-01	3.770000e-01	2.030676e+00	2.194000e-01	2.046017e-01
3.770000e-01	4.060000e-01	2.391166e+00	2.858961e-01	2.179864e-01
4.060000e-01	4.350000e-01	2.833598e+00	3.313706e-01	2.196975e-01
4.350000e-01	4.640000e-01	3.039060e+00	3.066400e-01	2.171508e-01
4.640000e-01	4.930000e-01	3.053831e+00	2.410881e-01	2.132610e-01
4.930000e-01	5.220000e-01	3.000711e+00	2.144407e-01	2.437347e-01
5.220000e-01	5.510000e-01	2.896391e+00	2.422722e-01	3.802441e-01
5.510000e-01	5.800000e-01	2.304199e+00	2.444073e-01	4.863872e-01
5.800000e-01	6.090000e-01	1.626307e+00	1.926862e-01	4.560021e-01
6.090000e-01	6.380000e-01	1.083391e+00	1.522518e-01	4.155136e-01
6.380000e-01	6.670000e-01	6.976713e-01	1.372631e-01	3.733081e-01
6.670000e-01	6.960000e-01	3.673895e-01	9.757271e-02	2.177024e-01
6.960000e-01	7.250000e-01	1.926675e-01	6.858755e-02	1.451881e-01
7.250000e-01	7.540000e-01	6.828071e-02	2.641974e-02	5.124043e-02
7.540000e-01	7.830000e-01	3.064887e-02	1.309411e-02	2.378190e-02
# END HISTO1D


# BEGIN HISTO1D //Users/jenniferroloff/Work/tuningStudies/SoftDropMassInclPt_tune.yoda/ATLAS_2019_I1724098/d13-x01-y01
LineColor=red
LineStyle=dashed
LineWidth=0.06
Path=//Users/jenniferroloff/Work/tuningStudies/SoftDropMassInclPt_tune.yoda/ATLAS_2019_I1724098/d13-x01-y01
Title=Soft Drop Mass, incl. pT
# xlow	 xhigh	 val	 errminus	 errplus
0.000000e+00	1.160000e-01	0.000000e+00	0.000000e+00	0.000000e+00
1.160000e-01	1.450000e-01	0.000000e+00	0.000000e+00	0.000000e+00
1.450000e-01	1.740000e-01	0.000000e+00	0.000000e+00	0.000000e+00
1.740000e-01	2.030000e-01	0.000000e+00	0.000000e+00	0.000000e+00
2.030000e-01	2.320000e-01	0.000000e+00	0.000000e+00	0.000000e+00
2.320000e-01	2.610000e-01	0.000000e+00	0.000000e+00	0.000000e+00
2.610000e-01	2.900000e-01	0.000000e+00	0.000000e+00	0.000000e+00
2.900000e-01	3.190000e-01	0.000000e+00	0.000000e+00	0.000000e+00
3.190000e-01	3.480000e-01	0.000000e+00	0.000000e+00	0.000000e+00
3.480000e-01	3.770000e-01	0.000000e+00	0.000000e+00	0.000000e+00
3.770000e-01	4.060000e-01	0.000000e+00	0.000000e+00	0.000000e+00
4.060000e-01	4.350000e-01	0.000000e+00	0.000000e+00	0.000000e+00
4.350000e-01	4.640000e-01	0.000000e+00	0.000000e+00	0.000000e+00
4.640000e-01	4.930000e-01	0.000000e+00	0.000000e+00	0.000000e+00
4.930000e-01	5.220000e-01	0.000000e+00	0.000000e+00	0.000000e+00
5.220000e-01	5.510000e-01	0.000000e+00	0.000000e+00	0.000000e+00
5.510000e-01	5.800000e-01	0.000000e+00	0.000000e+00	0.000000e+00
5.800000e-01	6.090000e-01	0.000000e+00	0.000000e+00	0.000000e+00
6.090000e-01	6.380000e-01	0.000000e+00	0.000000e+00	0.000000e+00
6.380000e-01	6.670000e-01	0.000000e+00	0.000000e+00	0.000000e+00
6.670000e-01	6.960000e-01	0.000000e+00	0.000000e+00	0.000000e+00
6.960000e-01	7.250000e-01	0.000000e+00	0.000000e+00	0.000000e+00
7.250000e-01	7.540000e-01	0.000000e+00	0.000000e+00	0.000000e+00
7.540000e-01	7.830000e-01	0.000000e+00	0.000000e+00	0.000000e+00
# END HISTO1D


# BEGIN HISTO1D //Users/jenniferroloff/Work/tuningStudies/JSS_tune.yoda/ATLAS_2019_I1724098/d13-x01-y01
LineColor=blue
LineStyle=dotted
LineWidth=0.06
Path=//Users/jenniferroloff/Work/tuningStudies/JSS_tune.yoda/ATLAS_2019_I1724098/d13-x01-y01
Title=JSS Observables
# xlow	 xhigh	 val	 errminus	 errplus
0.000000e+00	1.160000e-01	0.000000e+00	0.000000e+00	0.000000e+00
1.160000e-01	1.450000e-01	0.000000e+00	0.000000e+00	0.000000e+00
1.450000e-01	1.740000e-01	0.000000e+00	0.000000e+00	0.000000e+00
1.740000e-01	2.030000e-01	0.000000e+00	0.000000e+00	0.000000e+00
2.030000e-01	2.320000e-01	0.000000e+00	0.000000e+00	0.000000e+00
2.320000e-01	2.610000e-01	0.000000e+00	0.000000e+00	0.000000e+00
2.610000e-01	2.900000e-01	0.000000e+00	0.000000e+00	0.000000e+00
2.900000e-01	3.190000e-01	0.000000e+00	0.000000e+00	0.000000e+00
3.190000e-01	3.480000e-01	0.000000e+00	0.000000e+00	0.000000e+00
3.480000e-01	3.770000e-01	0.000000e+00	0.000000e+00	0.000000e+00
3.770000e-01	4.060000e-01	0.000000e+00	0.000000e+00	0.000000e+00
4.060000e-01	4.350000e-01	0.000000e+00	0.000000e+00	0.000000e+00
4.350000e-01	4.640000e-01	0.000000e+00	0.000000e+00	0.000000e+00
4.640000e-01	4.930000e-01	0.000000e+00	0.000000e+00	0.000000e+00
4.930000e-01	5.220000e-01	0.000000e+00	0.000000e+00	0.000000e+00
5.220000e-01	5.510000e-01	0.000000e+00	0.000000e+00	0.000000e+00
5.510000e-01	5.800000e-01	0.000000e+00	0.000000e+00	0.000000e+00
5.800000e-01	6.090000e-01	0.000000e+00	0.000000e+00	0.000000e+00
6.090000e-01	6.380000e-01	0.000000e+00	0.000000e+00	0.000000e+00
6.380000e-01	6.670000e-01	0.000000e+00	0.000000e+00	0.000000e+00
6.670000e-01	6.960000e-01	0.000000e+00	0.000000e+00	0.000000e+00
6.960000e-01	7.250000e-01	0.000000e+00	0.000000e+00	0.000000e+00
7.250000e-01	7.540000e-01	0.000000e+00	0.000000e+00	0.000000e+00
7.540000e-01	7.830000e-01	0.000000e+00	0.000000e+00	0.000000e+00
# END HISTO1D


# BEGIN HISTO1D //Users/jenniferroloff/Work/tuningStudies/monash_tune.yoda/ATLAS_2019_I1724098/d13-x01-y01
LineColor=green
LineStyle=solid
LineWidth=0.06
Path=//Users/jenniferroloff/Work/tuningStudies/monash_tune.yoda/ATLAS_2019_I1724098/d13-x01-y01
Title=MONASH
# xlow	 xhigh	 val	 errminus	 errplus
0.000000e+00	1.160000e-01	0.000000e+00	0.000000e+00	0.000000e+00
1.160000e-01	1.450000e-01	0.000000e+00	0.000000e+00	0.000000e+00
1.450000e-01	1.740000e-01	0.000000e+00	0.000000e+00	0.000000e+00
1.740000e-01	2.030000e-01	0.000000e+00	0.000000e+00	0.000000e+00
2.030000e-01	2.320000e-01	0.000000e+00	0.000000e+00	0.000000e+00
2.320000e-01	2.610000e-01	0.000000e+00	0.000000e+00	0.000000e+00
2.610000e-01	2.900000e-01	0.000000e+00	0.000000e+00	0.000000e+00
2.900000e-01	3.190000e-01	0.000000e+00	0.000000e+00	0.000000e+00
3.190000e-01	3.480000e-01	0.000000e+00	0.000000e+00	0.000000e+00
3.480000e-01	3.770000e-01	0.000000e+00	0.000000e+00	0.000000e+00
3.770000e-01	4.060000e-01	0.000000e+00	0.000000e+00	0.000000e+00
4.060000e-01	4.350000e-01	0.000000e+00	0.000000e+00	0.000000e+00
4.350000e-01	4.640000e-01	0.000000e+00	0.000000e+00	0.000000e+00
4.640000e-01	4.930000e-01	0.000000e+00	0.000000e+00	0.000000e+00
4.930000e-01	5.220000e-01	0.000000e+00	0.000000e+00	0.000000e+00
5.220000e-01	5.510000e-01	0.000000e+00	0.000000e+00	0.000000e+00
5.510000e-01	5.800000e-01	0.000000e+00	0.000000e+00	0.000000e+00
5.800000e-01	6.090000e-01	0.000000e+00	0.000000e+00	0.000000e+00
6.090000e-01	6.380000e-01	0.000000e+00	0.000000e+00	0.000000e+00
6.380000e-01	6.670000e-01	0.000000e+00	0.000000e+00	0.000000e+00
6.670000e-01	6.960000e-01	0.000000e+00	0.000000e+00	0.000000e+00
6.960000e-01	7.250000e-01	0.000000e+00	0.000000e+00	0.000000e+00
7.250000e-01	7.540000e-01	0.000000e+00	0.000000e+00	0.000000e+00
7.540000e-01	7.830000e-01	0.000000e+00	0.000000e+00	0.000000e+00
# END HISTO1D


# BEGIN HISTO1D //Users/jenniferroloff/Work/tuningStudies/ATLAS_tune.yoda/ATLAS_2019_I1724098/d13-x01-y01
LineColor=orange
LineStyle=dashdotted
LineWidth=0.06
Path=//Users/jenniferroloff/Work/tuningStudies/ATLAS_tune.yoda/ATLAS_2019_I1724098/d13-x01-y01
Title=ATLAS
# xlow	 xhigh	 val	 errminus	 errplus
0.000000e+00	1.160000e-01	0.000000e+00	0.000000e+00	0.000000e+00
1.160000e-01	1.450000e-01	0.000000e+00	0.000000e+00	0.000000e+00
1.450000e-01	1.740000e-01	0.000000e+00	0.000000e+00	0.000000e+00
1.740000e-01	2.030000e-01	0.000000e+00	0.000000e+00	0.000000e+00
2.030000e-01	2.320000e-01	0.000000e+00	0.000000e+00	0.000000e+00
2.320000e-01	2.610000e-01	0.000000e+00	0.000000e+00	0.000000e+00
2.610000e-01	2.900000e-01	0.000000e+00	0.000000e+00	0.000000e+00
2.900000e-01	3.190000e-01	0.000000e+00	0.000000e+00	0.000000e+00
3.190000e-01	3.480000e-01	0.000000e+00	0.000000e+00	0.000000e+00
3.480000e-01	3.770000e-01	0.000000e+00	0.000000e+00	0.000000e+00
3.770000e-01	4.060000e-01	0.000000e+00	0.000000e+00	0.000000e+00
4.060000e-01	4.350000e-01	0.000000e+00	0.000000e+00	0.000000e+00
4.350000e-01	4.640000e-01	0.000000e+00	0.000000e+00	0.000000e+00
4.640000e-01	4.930000e-01	0.000000e+00	0.000000e+00	0.000000e+00
4.930000e-01	5.220000e-01	0.000000e+00	0.000000e+00	0.000000e+00
5.220000e-01	5.510000e-01	0.000000e+00	0.000000e+00	0.000000e+00
5.510000e-01	5.800000e-01	0.000000e+00	0.000000e+00	0.000000e+00
5.800000e-01	6.090000e-01	0.000000e+00	0.000000e+00	0.000000e+00
6.090000e-01	6.380000e-01	0.000000e+00	0.000000e+00	0.000000e+00
6.380000e-01	6.670000e-01	0.000000e+00	0.000000e+00	0.000000e+00
6.670000e-01	6.960000e-01	0.000000e+00	0.000000e+00	0.000000e+00
6.960000e-01	7.250000e-01	0.000000e+00	0.000000e+00	0.000000e+00
7.250000e-01	7.540000e-01	0.000000e+00	0.000000e+00	0.000000e+00
7.540000e-01	7.830000e-01	0.000000e+00	0.000000e+00	0.000000e+00
# END HISTO1D

