# BEGIN PLOT
XTwosidedTicks=1
YTwosidedTicks=1
Title=$W$ selection, soft-dropped
RatioPlotReference=/ATLAS_2019_I1724098/d21-x01-y01
RatioPlot=1
LogY=0
LegendOnly=/ATLAS_2019_I1724098/d21-x01-y01 //Users/jenniferroloff/Work/tuningStudies/SoftDropMassInclPt_tune.yoda/ATLAS_2019_I1724098/d21-x01-y01 //Users/jenniferroloff/Work/tuningStudies/JSS_tune.yoda/ATLAS_2019_I1724098/d21-x01-y01 //Users/jenniferroloff/Work/tuningStudies/monash_tune.yoda/ATLAS_2019_I1724098/d21-x01-y01 //Users/jenniferroloff/Work/tuningStudies/ATLAS_tune.yoda/ATLAS_2019_I1724098/d21-x01-y01
XLabel=ECF3$^\text{norm}$
LegendAlign=r
YLabel=$\dfrac{1}{\sigma} \; \dfrac{\text{d}\sigma}{\text{d} \tau_{21}^\text{WTA}}$
DrawOnly=/ATLAS_2019_I1724098/d21-x01-y01 //Users/jenniferroloff/Work/tuningStudies/SoftDropMassInclPt_tune.yoda/ATLAS_2019_I1724098/d21-x01-y01 //Users/jenniferroloff/Work/tuningStudies/JSS_tune.yoda/ATLAS_2019_I1724098/d21-x01-y01 //Users/jenniferroloff/Work/tuningStudies/monash_tune.yoda/ATLAS_2019_I1724098/d21-x01-y01 //Users/jenniferroloff/Work/tuningStudies/ATLAS_tune.yoda/ATLAS_2019_I1724098/d21-x01-y01
Legend=1
LeftMargin=1.8
# END PLOT

# BEGIN HISTO1D /ATLAS_2019_I1724098/d21-x01-y01
ConnectBins=0
ErrorBars=1
IsRef=1
Path=/ATLAS_2019_I1724098/d21-x01-y01
PolyMarker=*
Title=Data
# xlow	 xhigh	 val	 errminus	 errplus
0.000000e+00	2.900000e-02	1.155043e-02	2.340396e-03	2.448325e-03
2.900000e-02	1.450000e-01	7.868972e-01	1.532178e-01	1.489200e-01
1.450000e-01	1.740000e-01	2.754415e+00	4.501733e-01	4.147069e-01
1.740000e-01	2.030000e-01	3.100150e+00	4.498683e-01	4.337738e-01
2.030000e-01	2.320000e-01	3.052316e+00	4.253829e-01	3.966474e-01
2.320000e-01	2.610000e-01	3.124164e+00	4.007138e-01	4.072674e-01
2.610000e-01	2.900000e-01	2.799544e+00	3.532895e-01	3.727965e-01
2.900000e-01	3.190000e-01	2.500064e+00	3.195194e-01	3.420378e-01
3.190000e-01	3.480000e-01	2.353824e+00	2.919261e-01	3.399623e-01
3.480000e-01	3.770000e-01	2.006473e+00	2.670516e-01	3.017181e-01
3.770000e-01	4.060000e-01	1.796317e+00	2.456823e-01	2.701294e-01
4.060000e-01	4.350000e-01	1.591382e+00	2.305768e-01	2.538488e-01
4.350000e-01	4.640000e-01	1.326069e+00	2.007866e-01	2.228070e-01
4.640000e-01	4.930000e-01	1.066120e+00	1.716110e-01	1.859452e-01
4.930000e-01	5.220000e-01	8.711764e-01	1.554481e-01	1.737198e-01
5.220000e-01	5.510000e-01	7.716587e-01	1.426943e-01	1.457572e-01
5.510000e-01	5.800000e-01	6.107190e-01	1.172242e-01	1.214123e-01
5.800000e-01	6.090000e-01	5.054438e-01	1.164129e-01	1.218307e-01
6.090000e-01	6.380000e-01	3.990592e-01	9.163046e-02	1.039117e-01
6.380000e-01	6.670000e-01	2.912398e-01	7.640504e-02	9.501661e-02
6.670000e-01	6.960000e-01	1.849287e-01	5.201281e-02	5.665437e-02
6.960000e-01	7.250000e-01	1.071946e-01	3.285959e-02	3.785399e-02
7.250000e-01	7.540000e-01	6.037142e-02	1.874928e-02	2.351548e-02
7.540000e-01	7.830000e-01	3.746824e-02	1.209008e-02	1.402238e-02
7.830000e-01	8.120000e-01	1.352206e-02	3.372403e-03	4.081770e-03
# END HISTO1D


# BEGIN HISTO1D //Users/jenniferroloff/Work/tuningStudies/SoftDropMassInclPt_tune.yoda/ATLAS_2019_I1724098/d21-x01-y01
LineColor=red
LineStyle=dashed
LineWidth=0.06
Path=//Users/jenniferroloff/Work/tuningStudies/SoftDropMassInclPt_tune.yoda/ATLAS_2019_I1724098/d21-x01-y01
Title=Soft Drop Mass, incl. pT
# xlow	 xhigh	 val	 errminus	 errplus
0.000000e+00	2.900000e-02	0.000000e+00	0.000000e+00	0.000000e+00
2.900000e-02	1.450000e-01	0.000000e+00	0.000000e+00	0.000000e+00
1.450000e-01	1.740000e-01	0.000000e+00	0.000000e+00	0.000000e+00
1.740000e-01	2.030000e-01	0.000000e+00	0.000000e+00	0.000000e+00
2.030000e-01	2.320000e-01	0.000000e+00	0.000000e+00	0.000000e+00
2.320000e-01	2.610000e-01	0.000000e+00	0.000000e+00	0.000000e+00
2.610000e-01	2.900000e-01	0.000000e+00	0.000000e+00	0.000000e+00
2.900000e-01	3.190000e-01	0.000000e+00	0.000000e+00	0.000000e+00
3.190000e-01	3.480000e-01	0.000000e+00	0.000000e+00	0.000000e+00
3.480000e-01	3.770000e-01	0.000000e+00	0.000000e+00	0.000000e+00
3.770000e-01	4.060000e-01	0.000000e+00	0.000000e+00	0.000000e+00
4.060000e-01	4.350000e-01	0.000000e+00	0.000000e+00	0.000000e+00
4.350000e-01	4.640000e-01	0.000000e+00	0.000000e+00	0.000000e+00
4.640000e-01	4.930000e-01	0.000000e+00	0.000000e+00	0.000000e+00
4.930000e-01	5.220000e-01	0.000000e+00	0.000000e+00	0.000000e+00
5.220000e-01	5.510000e-01	0.000000e+00	0.000000e+00	0.000000e+00
5.510000e-01	5.800000e-01	0.000000e+00	0.000000e+00	0.000000e+00
5.800000e-01	6.090000e-01	0.000000e+00	0.000000e+00	0.000000e+00
6.090000e-01	6.380000e-01	0.000000e+00	0.000000e+00	0.000000e+00
6.380000e-01	6.670000e-01	0.000000e+00	0.000000e+00	0.000000e+00
6.670000e-01	6.960000e-01	0.000000e+00	0.000000e+00	0.000000e+00
6.960000e-01	7.250000e-01	0.000000e+00	0.000000e+00	0.000000e+00
7.250000e-01	7.540000e-01	0.000000e+00	0.000000e+00	0.000000e+00
7.540000e-01	7.830000e-01	0.000000e+00	0.000000e+00	0.000000e+00
7.830000e-01	8.120000e-01	0.000000e+00	0.000000e+00	0.000000e+00
# END HISTO1D


# BEGIN HISTO1D //Users/jenniferroloff/Work/tuningStudies/JSS_tune.yoda/ATLAS_2019_I1724098/d21-x01-y01
LineColor=blue
LineStyle=dotted
LineWidth=0.06
Path=//Users/jenniferroloff/Work/tuningStudies/JSS_tune.yoda/ATLAS_2019_I1724098/d21-x01-y01
Title=JSS Observables
# xlow	 xhigh	 val	 errminus	 errplus
0.000000e+00	2.900000e-02	0.000000e+00	0.000000e+00	0.000000e+00
2.900000e-02	1.450000e-01	0.000000e+00	0.000000e+00	0.000000e+00
1.450000e-01	1.740000e-01	0.000000e+00	0.000000e+00	0.000000e+00
1.740000e-01	2.030000e-01	0.000000e+00	0.000000e+00	0.000000e+00
2.030000e-01	2.320000e-01	0.000000e+00	0.000000e+00	0.000000e+00
2.320000e-01	2.610000e-01	0.000000e+00	0.000000e+00	0.000000e+00
2.610000e-01	2.900000e-01	0.000000e+00	0.000000e+00	0.000000e+00
2.900000e-01	3.190000e-01	0.000000e+00	0.000000e+00	0.000000e+00
3.190000e-01	3.480000e-01	0.000000e+00	0.000000e+00	0.000000e+00
3.480000e-01	3.770000e-01	0.000000e+00	0.000000e+00	0.000000e+00
3.770000e-01	4.060000e-01	0.000000e+00	0.000000e+00	0.000000e+00
4.060000e-01	4.350000e-01	0.000000e+00	0.000000e+00	0.000000e+00
4.350000e-01	4.640000e-01	0.000000e+00	0.000000e+00	0.000000e+00
4.640000e-01	4.930000e-01	0.000000e+00	0.000000e+00	0.000000e+00
4.930000e-01	5.220000e-01	0.000000e+00	0.000000e+00	0.000000e+00
5.220000e-01	5.510000e-01	0.000000e+00	0.000000e+00	0.000000e+00
5.510000e-01	5.800000e-01	0.000000e+00	0.000000e+00	0.000000e+00
5.800000e-01	6.090000e-01	0.000000e+00	0.000000e+00	0.000000e+00
6.090000e-01	6.380000e-01	0.000000e+00	0.000000e+00	0.000000e+00
6.380000e-01	6.670000e-01	0.000000e+00	0.000000e+00	0.000000e+00
6.670000e-01	6.960000e-01	0.000000e+00	0.000000e+00	0.000000e+00
6.960000e-01	7.250000e-01	0.000000e+00	0.000000e+00	0.000000e+00
7.250000e-01	7.540000e-01	0.000000e+00	0.000000e+00	0.000000e+00
7.540000e-01	7.830000e-01	0.000000e+00	0.000000e+00	0.000000e+00
7.830000e-01	8.120000e-01	0.000000e+00	0.000000e+00	0.000000e+00
# END HISTO1D


# BEGIN HISTO1D //Users/jenniferroloff/Work/tuningStudies/monash_tune.yoda/ATLAS_2019_I1724098/d21-x01-y01
LineColor=green
LineStyle=solid
LineWidth=0.06
Path=//Users/jenniferroloff/Work/tuningStudies/monash_tune.yoda/ATLAS_2019_I1724098/d21-x01-y01
Title=MONASH
# xlow	 xhigh	 val	 errminus	 errplus
0.000000e+00	2.900000e-02	0.000000e+00	0.000000e+00	0.000000e+00
2.900000e-02	1.450000e-01	0.000000e+00	0.000000e+00	0.000000e+00
1.450000e-01	1.740000e-01	0.000000e+00	0.000000e+00	0.000000e+00
1.740000e-01	2.030000e-01	0.000000e+00	0.000000e+00	0.000000e+00
2.030000e-01	2.320000e-01	0.000000e+00	0.000000e+00	0.000000e+00
2.320000e-01	2.610000e-01	0.000000e+00	0.000000e+00	0.000000e+00
2.610000e-01	2.900000e-01	0.000000e+00	0.000000e+00	0.000000e+00
2.900000e-01	3.190000e-01	0.000000e+00	0.000000e+00	0.000000e+00
3.190000e-01	3.480000e-01	0.000000e+00	0.000000e+00	0.000000e+00
3.480000e-01	3.770000e-01	0.000000e+00	0.000000e+00	0.000000e+00
3.770000e-01	4.060000e-01	0.000000e+00	0.000000e+00	0.000000e+00
4.060000e-01	4.350000e-01	0.000000e+00	0.000000e+00	0.000000e+00
4.350000e-01	4.640000e-01	0.000000e+00	0.000000e+00	0.000000e+00
4.640000e-01	4.930000e-01	0.000000e+00	0.000000e+00	0.000000e+00
4.930000e-01	5.220000e-01	0.000000e+00	0.000000e+00	0.000000e+00
5.220000e-01	5.510000e-01	0.000000e+00	0.000000e+00	0.000000e+00
5.510000e-01	5.800000e-01	0.000000e+00	0.000000e+00	0.000000e+00
5.800000e-01	6.090000e-01	0.000000e+00	0.000000e+00	0.000000e+00
6.090000e-01	6.380000e-01	0.000000e+00	0.000000e+00	0.000000e+00
6.380000e-01	6.670000e-01	0.000000e+00	0.000000e+00	0.000000e+00
6.670000e-01	6.960000e-01	0.000000e+00	0.000000e+00	0.000000e+00
6.960000e-01	7.250000e-01	0.000000e+00	0.000000e+00	0.000000e+00
7.250000e-01	7.540000e-01	0.000000e+00	0.000000e+00	0.000000e+00
7.540000e-01	7.830000e-01	0.000000e+00	0.000000e+00	0.000000e+00
7.830000e-01	8.120000e-01	0.000000e+00	0.000000e+00	0.000000e+00
# END HISTO1D


# BEGIN HISTO1D //Users/jenniferroloff/Work/tuningStudies/ATLAS_tune.yoda/ATLAS_2019_I1724098/d21-x01-y01
LineColor=orange
LineStyle=dashdotted
LineWidth=0.06
Path=//Users/jenniferroloff/Work/tuningStudies/ATLAS_tune.yoda/ATLAS_2019_I1724098/d21-x01-y01
Title=ATLAS
# xlow	 xhigh	 val	 errminus	 errplus
0.000000e+00	2.900000e-02	0.000000e+00	0.000000e+00	0.000000e+00
2.900000e-02	1.450000e-01	0.000000e+00	0.000000e+00	0.000000e+00
1.450000e-01	1.740000e-01	0.000000e+00	0.000000e+00	0.000000e+00
1.740000e-01	2.030000e-01	0.000000e+00	0.000000e+00	0.000000e+00
2.030000e-01	2.320000e-01	0.000000e+00	0.000000e+00	0.000000e+00
2.320000e-01	2.610000e-01	0.000000e+00	0.000000e+00	0.000000e+00
2.610000e-01	2.900000e-01	0.000000e+00	0.000000e+00	0.000000e+00
2.900000e-01	3.190000e-01	0.000000e+00	0.000000e+00	0.000000e+00
3.190000e-01	3.480000e-01	0.000000e+00	0.000000e+00	0.000000e+00
3.480000e-01	3.770000e-01	0.000000e+00	0.000000e+00	0.000000e+00
3.770000e-01	4.060000e-01	0.000000e+00	0.000000e+00	0.000000e+00
4.060000e-01	4.350000e-01	0.000000e+00	0.000000e+00	0.000000e+00
4.350000e-01	4.640000e-01	0.000000e+00	0.000000e+00	0.000000e+00
4.640000e-01	4.930000e-01	0.000000e+00	0.000000e+00	0.000000e+00
4.930000e-01	5.220000e-01	0.000000e+00	0.000000e+00	0.000000e+00
5.220000e-01	5.510000e-01	0.000000e+00	0.000000e+00	0.000000e+00
5.510000e-01	5.800000e-01	0.000000e+00	0.000000e+00	0.000000e+00
5.800000e-01	6.090000e-01	0.000000e+00	0.000000e+00	0.000000e+00
6.090000e-01	6.380000e-01	0.000000e+00	0.000000e+00	0.000000e+00
6.380000e-01	6.670000e-01	0.000000e+00	0.000000e+00	0.000000e+00
6.670000e-01	6.960000e-01	0.000000e+00	0.000000e+00	0.000000e+00
6.960000e-01	7.250000e-01	0.000000e+00	0.000000e+00	0.000000e+00
7.250000e-01	7.540000e-01	0.000000e+00	0.000000e+00	0.000000e+00
7.540000e-01	7.830000e-01	0.000000e+00	0.000000e+00	0.000000e+00
7.830000e-01	8.120000e-01	0.000000e+00	0.000000e+00	0.000000e+00
# END HISTO1D

