# BEGIN PLOT
XTwosidedTicks=1
YTwosidedTicks=1
Title=Dijet selection, soft-dropped
RatioPlotReference=/ATLAS_2019_I1724098/d24-x01-y01
RatioPlot=1
LogY=0
LegendOnly=/ATLAS_2019_I1724098/d24-x01-y01 //Users/jenniferroloff/Work/tuningStudies/SoftDropMassInclPt_tune.yoda/ATLAS_2019_I1724098/d24-x01-y01 //Users/jenniferroloff/Work/tuningStudies/JSS_tune.yoda/ATLAS_2019_I1724098/d24-x01-y01 //Users/jenniferroloff/Work/tuningStudies/monash_tune.yoda/ATLAS_2019_I1724098/d24-x01-y01 //Users/jenniferroloff/Work/tuningStudies/ATLAS_tune.yoda/ATLAS_2019_I1724098/d24-x01-y01
XLabel=$C_2$
LegendAlign=r
YLabel=$\dfrac{1}{\sigma} \; \dfrac{\text{d}\sigma}{\text{d} C_2}$
DrawOnly=/ATLAS_2019_I1724098/d24-x01-y01 //Users/jenniferroloff/Work/tuningStudies/SoftDropMassInclPt_tune.yoda/ATLAS_2019_I1724098/d24-x01-y01 //Users/jenniferroloff/Work/tuningStudies/JSS_tune.yoda/ATLAS_2019_I1724098/d24-x01-y01 //Users/jenniferroloff/Work/tuningStudies/monash_tune.yoda/ATLAS_2019_I1724098/d24-x01-y01 //Users/jenniferroloff/Work/tuningStudies/ATLAS_tune.yoda/ATLAS_2019_I1724098/d24-x01-y01
Legend=1
LeftMargin=1.8
# END PLOT

# BEGIN HISTO1D /ATLAS_2019_I1724098/d24-x01-y01
ConnectBins=0
ErrorBars=1
IsRef=1
Path=/ATLAS_2019_I1724098/d24-x01-y01
PolyMarker=*
Title=Data
# xlow	 xhigh	 val	 errminus	 errplus
0.000000e+00	1.400000e-01	2.166852e+00	2.918021e-01	2.827364e-01
1.400000e-01	2.200000e-01	2.559383e+00	3.744638e-01	3.174224e-01
2.200000e-01	2.800000e-01	2.052954e+00	2.139472e-01	2.072514e-01
2.800000e-01	3.400000e-01	1.714228e+00	1.189267e-01	1.368269e-01
3.400000e-01	3.800000e-01	1.409186e+00	6.572977e-02	1.252080e-01
3.800000e-01	4.200000e-01	1.188237e+00	4.550726e-02	1.321466e-01
4.200000e-01	4.600000e-01	9.629744e-01	3.175715e-02	1.037802e-01
4.600000e-01	5.000000e-01	7.914376e-01	2.724639e-02	8.696157e-02
5.000000e-01	5.400000e-01	6.578627e-01	1.836971e-02	1.075981e-01
5.400000e-01	5.800000e-01	5.211551e-01	1.603322e-02	7.994809e-02
5.800000e-01	6.200000e-01	3.909879e-01	2.063734e-02	4.138998e-02
6.200000e-01	6.600000e-01	3.053029e-01	1.196763e-02	5.317581e-02
6.600000e-01	7.000000e-01	2.185178e-01	1.481342e-02	4.488634e-02
7.000000e-01	7.400000e-01	1.253661e-01	1.891907e-02	2.727547e-02
7.400000e-01	1.000000e+00	1.160802e-02	2.384326e-03	2.604919e-03
# END HISTO1D


# BEGIN HISTO1D //Users/jenniferroloff/Work/tuningStudies/SoftDropMassInclPt_tune.yoda/ATLAS_2019_I1724098/d24-x01-y01
LineColor=red
LineStyle=dashed
LineWidth=0.06
Path=//Users/jenniferroloff/Work/tuningStudies/SoftDropMassInclPt_tune.yoda/ATLAS_2019_I1724098/d24-x01-y01
ScaledBy=4.27902677814957794e-06
Title=Soft Drop Mass, incl. pT
# xlow	 xhigh	 val	 errminus	 errplus
0.000000e+00	1.400000e-01	2.172737e+00	8.149145e-03	8.149145e-03
1.400000e-01	2.200000e-01	2.760186e+00	1.215057e-02	1.215057e-02
2.200000e-01	2.800000e-01	2.128530e+00	1.232074e-02	1.232074e-02
2.800000e-01	3.400000e-01	1.711183e+00	1.104702e-02	1.104702e-02
3.400000e-01	3.800000e-01	1.373461e+00	1.212134e-02	1.212134e-02
3.800000e-01	4.200000e-01	1.118859e+00	1.094032e-02	1.094032e-02
4.200000e-01	4.600000e-01	9.108977e-01	9.871366e-03	9.871366e-03
4.600000e-01	5.000000e-01	7.304298e-01	8.839584e-03	8.839584e-03
5.000000e-01	5.400000e-01	5.651525e-01	7.775446e-03	7.775446e-03
5.400000e-01	5.800000e-01	4.529350e-01	6.960821e-03	6.960821e-03
5.800000e-01	6.200000e-01	3.647870e-01	6.246866e-03	6.246866e-03
6.200000e-01	6.600000e-01	2.667972e-01	5.342361e-03	5.342361e-03
6.600000e-01	7.000000e-01	1.773657e-01	4.355894e-03	4.355894e-03
7.000000e-01	7.400000e-01	1.019478e-01	3.302414e-03	3.302414e-03
7.400000e-01	1.000000e+00	8.130150e-03	3.657928e-04	3.657928e-04
# END HISTO1D


# BEGIN HISTO1D //Users/jenniferroloff/Work/tuningStudies/JSS_tune.yoda/ATLAS_2019_I1724098/d24-x01-y01
LineColor=blue
LineStyle=dotted
LineWidth=0.06
Path=//Users/jenniferroloff/Work/tuningStudies/JSS_tune.yoda/ATLAS_2019_I1724098/d24-x01-y01
ScaledBy=4.15489446568057170e-05
Title=JSS Observables
# xlow	 xhigh	 val	 errminus	 errplus
0.000000e+00	1.400000e-01	2.167074e+00	2.536021e-02	2.536021e-02
1.400000e-01	2.200000e-01	2.712108e+00	3.753085e-02	3.753085e-02
2.200000e-01	2.800000e-01	2.067060e+00	3.783388e-02	3.783388e-02
2.800000e-01	3.400000e-01	1.688272e+00	3.419208e-02	3.419208e-02
3.400000e-01	3.800000e-01	1.405393e+00	3.820753e-02	3.820753e-02
3.800000e-01	4.200000e-01	1.212191e+00	3.548423e-02	3.548423e-02
4.200000e-01	4.600000e-01	9.961360e-01	3.216691e-02	3.216691e-02
4.600000e-01	5.000000e-01	7.478810e-01	2.787188e-02	2.787188e-02
5.000000e-01	5.400000e-01	5.910337e-01	2.477742e-02	2.477742e-02
5.400000e-01	5.800000e-01	4.341865e-01	2.123675e-02	2.123675e-02
5.800000e-01	6.200000e-01	3.396625e-01	1.878339e-02	1.878339e-02
6.200000e-01	6.600000e-01	2.887652e-01	1.731898e-02	1.731898e-02
6.600000e-01	7.000000e-01	1.859315e-01	1.389717e-02	1.389717e-02
7.000000e-01	7.400000e-01	9.971747e-02	1.017737e-02	1.017737e-02
7.400000e-01	1.000000e+00	8.789200e-03	1.185135e-03	1.185135e-03
# END HISTO1D


# BEGIN HISTO1D //Users/jenniferroloff/Work/tuningStudies/monash_tune.yoda/ATLAS_2019_I1724098/d24-x01-y01
LineColor=green
LineStyle=solid
LineWidth=0.06
Path=//Users/jenniferroloff/Work/tuningStudies/monash_tune.yoda/ATLAS_2019_I1724098/d24-x01-y01
ScaledBy=8.65913322076460101e-06
Title=MONASH
# xlow	 xhigh	 val	 errminus	 errplus
0.000000e+00	1.400000e-01	2.043989e+00	1.124378e-02	1.124378e-02
1.400000e-01	2.200000e-01	2.792679e+00	1.738612e-02	1.738612e-02
2.200000e-01	2.800000e-01	2.216882e+00	1.788681e-02	1.788681e-02
2.800000e-01	3.400000e-01	1.770503e+00	1.598491e-02	1.598491e-02
3.400000e-01	3.800000e-01	1.391523e+00	1.735611e-02	1.735611e-02
3.800000e-01	4.200000e-01	1.159025e+00	1.583994e-02	1.583994e-02
4.200000e-01	4.600000e-01	9.529375e-01	1.436281e-02	1.436281e-02
4.600000e-01	5.000000e-01	7.559423e-01	1.279239e-02	1.279239e-02
5.000000e-01	5.400000e-01	5.920682e-01	1.132122e-02	1.132122e-02
5.400000e-01	5.800000e-01	4.662943e-01	1.004702e-02	1.004702e-02
5.800000e-01	6.200000e-01	3.610857e-01	8.841224e-03	8.841224e-03
6.200000e-01	6.600000e-01	2.649695e-01	7.573648e-03	7.573648e-03
6.600000e-01	7.000000e-01	1.846560e-01	6.322501e-03	6.322501e-03
7.000000e-01	7.400000e-01	9.828115e-02	4.612564e-03	4.612564e-03
7.400000e-01	1.000000e+00	8.126265e-03	5.202307e-04	5.202307e-04
# END HISTO1D


# BEGIN HISTO1D //Users/jenniferroloff/Work/tuningStudies/ATLAS_tune.yoda/ATLAS_2019_I1724098/d24-x01-y01
LineColor=orange
LineStyle=dashdotted
LineWidth=0.06
Path=//Users/jenniferroloff/Work/tuningStudies/ATLAS_tune.yoda/ATLAS_2019_I1724098/d24-x01-y01
ScaledBy=4.27867891509817458e-06
Title=ATLAS
# xlow	 xhigh	 val	 errminus	 errplus
0.000000e+00	1.400000e-01	2.308897e+00	8.400267e-03	8.400267e-03
1.400000e-01	2.200000e-01	2.718031e+00	1.205694e-02	1.205694e-02
2.200000e-01	2.800000e-01	2.074803e+00	1.216375e-02	1.216375e-02
2.800000e-01	3.400000e-01	1.663051e+00	1.089010e-02	1.089010e-02
3.400000e-01	3.800000e-01	1.325642e+00	1.190798e-02	1.190798e-02
3.800000e-01	4.200000e-01	1.071809e+00	1.070739e-02	1.070739e-02
4.200000e-01	4.600000e-01	8.837612e-01	9.722821e-03	9.722821e-03
4.600000e-01	5.000000e-01	7.021313e-01	8.666307e-03	8.666307e-03
5.000000e-01	5.400000e-01	5.572980e-01	7.720912e-03	7.720912e-03
5.400000e-01	5.800000e-01	4.351418e-01	6.822447e-03	6.822447e-03
5.800000e-01	6.200000e-01	3.310627e-01	5.950864e-03	5.950864e-03
6.200000e-01	6.600000e-01	2.526560e-01	5.198639e-03	5.198639e-03
6.600000e-01	7.000000e-01	1.706123e-01	4.271988e-03	4.271988e-03
7.000000e-01	7.400000e-01	9.327520e-02	3.158697e-03	3.158697e-03
7.400000e-01	1.000000e+00	8.096577e-03	3.650219e-04	3.650219e-04
# END HISTO1D

