# BEGIN PLOT
LegendOnly=/SoftDropMass/d05-x01-y01 //Users/jenniferroloff/Work/tuningStudies/SoftDropMassInclPt_tune.yoda/SoftDropMass/d05-x01-y01 //Users/jenniferroloff/Work/tuningStudies/JSS_tune.yoda/SoftDropMass/d05-x01-y01 //Users/jenniferroloff/Work/tuningStudies/monash_tune.yoda/SoftDropMass/d05-x01-y01 //Users/jenniferroloff/Work/tuningStudies/ATLAS_tune.yoda/SoftDropMass/d05-x01-y01
DrawOnly=/SoftDropMass/d05-x01-y01 //Users/jenniferroloff/Work/tuningStudies/SoftDropMassInclPt_tune.yoda/SoftDropMass/d05-x01-y01 //Users/jenniferroloff/Work/tuningStudies/JSS_tune.yoda/SoftDropMass/d05-x01-y01 //Users/jenniferroloff/Work/tuningStudies/monash_tune.yoda/SoftDropMass/d05-x01-y01 //Users/jenniferroloff/Work/tuningStudies/ATLAS_tune.yoda/SoftDropMass/d05-x01-y01
RatioPlotReference=/SoftDropMass/d05-x01-y01
RatioPlot=1
LogY=1
Legend=1
# END PLOT

# BEGIN HISTO1D /SoftDropMass/d05-x01-y01
ConnectBins=0
ErrorBars=1
IsRef=1
Path=/SoftDropMass/d05-x01-y01
PolyMarker=*
Title=Data
# xlow	 xhigh	 val	 errminus	 errplus
0.000000e+00	1.000000e+00	1.332430e-02	1.082343e-03	1.082343e-03
1.000000e+00	2.000000e+00	6.560880e-02	6.410478e-03	6.410478e-03
2.000000e+00	3.000000e+00	1.524230e-01	1.799011e-02	1.799011e-02
3.000000e+00	4.000000e+00	2.141410e-01	1.042807e-02	1.042807e-02
4.000000e+00	5.000000e+00	2.392370e-01	6.346776e-03	6.346776e-03
5.000000e+00	6.000000e+00	2.360980e-01	1.160758e-02	1.160758e-02
6.000000e+00	7.000000e+00	2.482770e-01	9.149610e-03	9.149610e-03
7.000000e+00	8.000000e+00	2.763880e-01	1.556635e-02	1.556635e-02
8.000000e+00	9.000000e+00	2.358310e-01	1.654809e-02	1.654809e-02
9.000000e+00	1.000000e+01	5.619680e-02	4.926852e-03	4.926852e-03
1.000000e+01	1.100000e+01	1.719550e-02	1.391948e-03	1.391948e-03
1.100000e+01	1.200000e+01	7.707750e-02	9.845454e-03	9.845454e-03
1.200000e+01	1.300000e+01	1.671330e-01	2.095693e-02	2.095693e-02
1.300000e+01	1.400000e+01	2.258270e-01	1.082111e-02	1.082111e-02
1.400000e+01	1.500000e+01	2.438770e-01	7.250471e-03	7.250471e-03
1.500000e+01	1.600000e+01	2.366430e-01	1.280277e-02	1.280277e-02
1.600000e+01	1.700000e+01	2.504020e-01	7.720426e-03	7.720426e-03
1.700000e+01	1.800000e+01	2.690780e-01	8.803562e-03	8.803562e-03
1.800000e+01	1.900000e+01	2.459850e-01	1.043686e-02	1.043686e-02
1.900000e+01	2.000000e+01	5.336970e-02	3.421227e-03	3.421227e-03
2.000000e+01	2.100000e+01	2.108640e-02	2.027237e-03	2.027237e-03
2.100000e+01	2.200000e+01	8.756740e-02	1.204287e-02	1.204287e-02
2.200000e+01	2.300000e+01	1.744510e-01	1.998027e-02	1.998027e-02
2.300000e+01	2.400000e+01	2.312150e-01	1.125538e-02	1.125538e-02
2.400000e+01	2.500000e+01	2.437300e-01	5.524824e-03	5.524824e-03
2.500000e+01	2.600000e+01	2.363330e-01	1.178652e-02	1.178652e-02
2.600000e+01	2.700000e+01	2.557080e-01	8.694021e-03	8.694021e-03
2.700000e+01	2.800000e+01	2.642290e-01	7.852521e-03	7.852521e-03
2.800000e+01	2.900000e+01	2.229940e-01	1.140482e-02	1.140482e-02
2.900000e+01	3.000000e+01	5.467390e-02	4.696919e-03	4.696919e-03
3.000000e+01	3.100000e+01	2.648950e-02	3.653119e-03	3.653119e-03
3.100000e+01	3.200000e+01	1.004820e-01	1.487910e-02	1.487910e-02
3.200000e+01	3.300000e+01	1.839550e-01	1.981743e-02	1.981743e-02
3.300000e+01	3.400000e+01	2.315410e-01	9.390536e-03	9.390536e-03
3.400000e+01	3.500000e+01	2.420520e-01	7.223536e-03	7.223536e-03
3.500000e+01	3.600000e+01	2.373880e-01	1.130859e-02	1.130859e-02
3.600000e+01	3.700000e+01	2.551670e-01	5.783196e-03	5.783196e-03
3.700000e+01	3.800000e+01	2.653930e-01	5.738017e-03	5.738017e-03
3.800000e+01	3.900000e+01	2.222130e-01	1.005575e-02	1.005575e-02
3.900000e+01	4.000000e+01	5.386070e-02	4.080493e-03	4.080493e-03
4.000000e+01	4.100000e+01	3.163090e-02	4.628186e-03	4.628186e-03
4.100000e+01	4.200000e+01	1.159020e-01	1.866044e-02	1.866044e-02
4.200000e+01	4.300000e+01	1.969620e-01	2.133292e-02	2.133292e-02
4.300000e+01	4.400000e+01	2.352010e-01	7.362277e-03	7.362277e-03
4.400000e+01	4.500000e+01	2.400480e-01	7.615637e-03	7.615637e-03
4.500000e+01	4.600000e+01	2.349390e-01	1.001646e-02	1.001646e-02
4.600000e+01	4.700000e+01	2.576570e-01	7.753977e-03	7.753977e-03
4.700000e+01	4.800000e+01	2.673550e-01	9.197959e-03	9.197959e-03
4.800000e+01	4.900000e+01	2.430290e-01	1.175424e-02	1.175424e-02
4.900000e+01	5.000000e+01	5.613930e-02	4.186536e-03	4.186536e-03
5.000000e+01	5.100000e+01	3.866460e-02	6.980523e-03	6.980523e-03
5.100000e+01	5.200000e+01	1.264900e-01	2.240444e-02	2.240444e-02
5.200000e+01	5.300000e+01	2.071130e-01	2.350288e-02	2.350288e-02
5.300000e+01	5.400000e+01	2.478420e-01	8.560312e-03	8.560312e-03
5.400000e+01	5.500000e+01	2.499840e-01	8.094014e-03	8.094014e-03
5.500000e+01	5.600000e+01	2.368260e-01	1.062543e-02	1.062543e-02
5.600000e+01	5.700000e+01	2.522370e-01	9.465709e-03	9.465709e-03
5.700000e+01	5.800000e+01	2.609540e-01	1.108028e-02	1.108028e-02
5.800000e+01	5.900000e+01	2.172150e-01	1.086294e-02	1.086294e-02
5.900000e+01	6.000000e+01	5.609140e-02	4.178933e-03	4.178933e-03
6.000000e+01	6.100000e+01	4.109000e-02	7.908584e-03	7.908584e-03
6.100000e+01	6.200000e+01	1.286440e-01	2.273153e-02	2.273153e-02
6.200000e+01	6.300000e+01	2.042920e-01	2.218236e-02	2.218236e-02
6.300000e+01	6.400000e+01	2.429720e-01	6.782044e-03	6.782044e-03
6.400000e+01	6.500000e+01	2.511420e-01	8.930986e-03	8.930986e-03
6.500000e+01	6.600000e+01	2.383200e-01	1.013903e-02	1.013903e-02
6.600000e+01	6.700000e+01	2.364140e-01	7.727392e-03	7.727392e-03
6.700000e+01	6.800000e+01	2.741240e-01	1.326879e-02	1.326879e-02
6.800000e+01	6.900000e+01	1.936070e-01	1.159585e-02	1.159585e-02
6.900000e+01	7.000000e+01	5.864830e-02	4.798920e-03	4.798920e-03
7.000000e+01	7.100000e+01	4.781610e-02	9.169574e-03	9.169574e-03
7.100000e+01	7.200000e+01	1.402280e-01	2.385306e-02	2.385306e-02
7.200000e+01	7.300000e+01	2.123670e-01	2.124472e-02	2.124472e-02
7.300000e+01	7.400000e+01	2.453480e-01	7.619797e-03	7.619797e-03
7.400000e+01	7.500000e+01	2.582530e-01	9.086262e-03	9.086262e-03
7.500000e+01	7.600000e+01	2.570850e-01	1.027476e-02	1.027476e-02
7.600000e+01	7.700000e+01	2.270670e-01	7.368156e-03	7.368156e-03
7.700000e+01	7.800000e+01	2.575950e-01	1.244404e-02	1.244404e-02
7.800000e+01	7.900000e+01	2.065150e-01	1.286779e-02	1.286779e-02
7.900000e+01	8.000000e+01	5.629180e-02	4.873678e-03	4.873678e-03
8.000000e+01	8.100000e+01	7.819490e-02	1.703426e-02	1.703426e-02
8.100000e+01	8.200000e+01	1.756190e-01	2.984496e-02	2.984496e-02
8.200000e+01	8.300000e+01	2.269410e-01	1.890821e-02	1.890821e-02
8.300000e+01	8.400000e+01	2.476700e-01	5.073926e-03	5.073926e-03
8.400000e+01	8.500000e+01	2.556090e-01	7.946348e-03	7.946348e-03
8.500000e+01	8.600000e+01	2.565730e-01	6.947399e-03	6.947399e-03
8.600000e+01	8.700000e+01	2.372480e-01	6.600676e-03	6.600676e-03
8.700000e+01	8.800000e+01	2.505700e-01	9.754280e-03	9.754280e-03
8.800000e+01	8.900000e+01	2.098050e-01	1.025964e-02	1.025964e-02
8.900000e+01	9.000000e+01	3.839030e-02	2.561906e-03	2.561906e-03
# END HISTO1D


# BEGIN HISTO1D //Users/jenniferroloff/Work/tuningStudies/SoftDropMassInclPt_tune.yoda/SoftDropMass/d05-x01-y01
LineColor=red
LineStyle=solid
Path=//Users/jenniferroloff/Work/tuningStudies/SoftDropMassInclPt_tune.yoda/SoftDropMass/d05-x01-y01
Title=Mass only, incl. pT
# xlow	 xhigh	 val	 errminus	 errplus
0.000000e+00	1.000000e+00	1.156745e-02	8.220627e-04	8.220627e-04
1.000000e+00	2.000000e+00	6.373780e-02	1.929677e-03	1.929677e-03
2.000000e+00	3.000000e+00	1.500263e-01	2.960533e-03	2.960533e-03
3.000000e+00	4.000000e+00	2.064614e-01	3.473007e-03	3.473007e-03
4.000000e+00	5.000000e+00	2.362564e-01	3.715164e-03	3.715164e-03
5.000000e+00	6.000000e+00	2.464217e-01	3.794247e-03	3.794247e-03
6.000000e+00	7.000000e+00	2.516796e-01	3.834513e-03	3.834513e-03
7.000000e+00	8.000000e+00	2.656423e-01	3.939443e-03	3.939443e-03
8.000000e+00	9.000000e+00	2.290705e-01	3.658228e-03	3.658228e-03
9.000000e+00	1.000000e+01	6.105042e-02	1.888559e-03	1.888559e-03
1.000000e+01	1.100000e+01	1.804468e-02	1.312557e-03	1.312557e-03
1.100000e+01	1.200000e+01	7.628413e-02	2.698739e-03	2.698739e-03
1.200000e+01	1.300000e+01	1.617338e-01	3.929562e-03	3.929562e-03
1.300000e+01	1.400000e+01	2.170136e-01	4.551841e-03	4.551841e-03
1.400000e+01	1.500000e+01	2.407867e-01	4.794684e-03	4.794684e-03
1.500000e+01	1.600000e+01	2.460378e-01	4.846683e-03	4.846683e-03
1.600000e+01	1.700000e+01	2.465152e-01	4.851383e-03	4.851383e-03
1.700000e+01	1.800000e+01	2.666603e-01	5.045717e-03	5.045717e-03
1.800000e+01	1.900000e+01	2.331487e-01	4.718025e-03	4.718025e-03
1.900000e+01	2.000000e+01	6.587741e-02	2.507910e-03	2.507910e-03
2.000000e+01	2.100000e+01	1.971326e-02	1.715819e-03	1.715819e-03
2.100000e+01	2.200000e+01	8.811231e-02	3.627527e-03	3.627527e-03
2.200000e+01	2.300000e+01	1.784648e-01	5.162600e-03	5.162600e-03
2.300000e+01	2.400000e+01	2.317802e-01	5.883428e-03	5.883428e-03
2.400000e+01	2.500000e+01	2.373059e-01	5.953145e-03	5.953145e-03
2.500000e+01	2.600000e+01	2.508961e-01	6.121237e-03	6.121237e-03
2.600000e+01	2.700000e+01	2.546296e-01	6.166614e-03	6.166614e-03
2.700000e+01	2.800000e+01	2.571685e-01	6.197280e-03	6.197280e-03
2.800000e+01	2.900000e+01	2.349164e-01	5.923098e-03	5.923098e-03
2.900000e+01	3.000000e+01	6.436679e-02	3.100439e-03	3.100439e-03
3.000000e+01	3.100000e+01	2.793550e-02	2.518859e-03	2.518859e-03
3.100000e+01	3.200000e+01	9.425392e-02	4.626743e-03	4.626743e-03
3.200000e+01	3.300000e+01	1.885078e-01	6.543203e-03	6.543203e-03
3.300000e+01	3.400000e+01	2.259823e-01	7.164120e-03	7.164120e-03
3.400000e+01	3.500000e+01	2.532364e-01	7.583833e-03	7.583833e-03
3.500000e+01	3.600000e+01	2.341585e-01	7.292571e-03	7.292571e-03
3.600000e+01	3.700000e+01	2.471042e-01	7.491448e-03	7.491448e-03
3.700000e+01	3.800000e+01	2.655008e-01	7.765306e-03	7.765306e-03
3.800000e+01	3.900000e+01	2.362026e-01	7.324331e-03	7.324331e-03
3.900000e+01	4.000000e+01	6.382012e-02	3.807189e-03	3.807189e-03
4.000000e+01	4.100000e+01	3.192204e-02	3.275132e-03	3.275132e-03
4.100000e+01	4.200000e+01	1.001344e-01	5.800630e-03	5.800630e-03
4.200000e+01	4.300000e+01	1.891801e-01	7.972991e-03	7.972991e-03
4.300000e+01	4.400000e+01	2.197581e-01	8.593221e-03	8.593221e-03
4.400000e+01	4.500000e+01	2.274866e-01	8.743019e-03	8.743019e-03
4.500000e+01	4.600000e+01	2.432796e-01	9.041414e-03	9.041414e-03
4.600000e+01	4.700000e+01	2.641129e-01	9.420596e-03	9.420596e-03
4.700000e+01	4.800000e+01	2.651210e-01	9.438557e-03	9.438557e-03
4.800000e+01	4.900000e+01	2.264785e-01	8.723625e-03	8.723625e-03
4.900000e+01	5.000000e+01	5.544355e-02	4.316274e-03	4.316274e-03
5.000000e+01	5.100000e+01	3.114013e-02	3.954801e-03	3.954801e-03
5.100000e+01	5.200000e+01	1.135108e-01	7.550626e-03	7.550626e-03
5.200000e+01	5.300000e+01	1.958815e-01	9.918844e-03	9.918844e-03
5.300000e+01	5.400000e+01	2.415871e-01	1.101543e-02	1.101543e-02
5.400000e+01	5.500000e+01	2.385736e-01	1.094651e-02	1.094651e-02
5.500000e+01	5.600000e+01	2.440984e-01	1.107253e-02	1.107253e-02
5.600000e+01	5.700000e+01	2.521346e-01	1.125332e-02	1.125332e-02
5.700000e+01	5.800000e+01	2.651934e-01	1.154106e-02	1.154106e-02
5.800000e+01	5.900000e+01	2.486188e-01	1.117458e-02	1.117458e-02
5.900000e+01	6.000000e+01	6.027122e-02	5.501984e-03	5.501984e-03
6.000000e+01	6.100000e+01	3.728814e-02	5.027931e-03	5.027931e-03
6.100000e+01	6.200000e+01	1.186441e-01	8.968649e-03	8.968649e-03
6.200000e+01	6.300000e+01	2.047458e-01	1.178180e-02	1.178180e-02
6.300000e+01	6.400000e+01	2.237288e-01	1.231587e-02	1.231587e-02
6.400000e+01	6.500000e+01	2.481356e-01	1.297025e-02	1.297025e-02
6.500000e+01	6.600000e+01	2.650847e-01	1.340591e-02	1.340591e-02
6.600000e+01	6.700000e+01	2.508475e-01	1.304094e-02	1.304094e-02
6.700000e+01	6.800000e+01	2.359322e-01	1.264729e-02	1.264729e-02
6.800000e+01	6.900000e+01	1.966102e-01	1.154535e-02	1.154535e-02
6.900000e+01	7.000000e+01	5.898305e-02	6.323647e-03	6.323647e-03
7.000000e+01	7.100000e+01	5.030181e-02	7.113750e-03	7.113750e-03
7.100000e+01	7.200000e+01	1.539235e-01	1.244398e-02	1.244398e-02
7.200000e+01	7.300000e+01	2.183099e-01	1.481984e-02	1.481984e-02
7.300000e+01	7.400000e+01	2.444668e-01	1.568255e-02	1.568255e-02
7.400000e+01	7.500000e+01	2.474849e-01	1.577906e-02	1.577906e-02
7.500000e+01	7.600000e+01	2.334004e-01	1.532349e-02	1.532349e-02
7.600000e+01	7.700000e+01	2.374245e-01	1.545502e-02	1.545502e-02
7.700000e+01	7.800000e+01	2.816901e-01	1.683421e-02	1.683421e-02
7.800000e+01	7.900000e+01	2.173038e-01	1.478565e-02	1.478565e-02
7.900000e+01	8.000000e+01	4.627767e-02	6.823270e-03	6.823270e-03
8.000000e+01	8.100000e+01	7.421875e-02	5.384394e-03	5.384394e-03
8.100000e+01	8.200000e+01	1.664063e-01	8.062409e-03	8.062409e-03
8.200000e+01	8.300000e+01	2.242188e-01	9.358710e-03	9.358710e-03
8.300000e+01	8.400000e+01	2.250000e-01	9.375000e-03	9.375000e-03
8.400000e+01	8.500000e+01	2.531250e-01	9.943689e-03	9.943689e-03
8.500000e+01	8.600000e+01	2.531250e-01	9.943689e-03	9.943689e-03
8.600000e+01	8.700000e+01	2.472656e-01	9.827926e-03	9.827926e-03
8.700000e+01	8.800000e+01	2.464844e-01	9.812388e-03	9.812388e-03
8.800000e+01	8.900000e+01	2.109375e-01	9.077305e-03	9.077305e-03
8.900000e+01	9.000000e+01	5.742188e-02	4.736076e-03	4.736076e-03
# END HISTO1D


# BEGIN HISTO1D //Users/jenniferroloff/Work/tuningStudies/JSS_tune.yoda/SoftDropMass/d05-x01-y01
LineColor=blue
LineStyle=solid
Path=//Users/jenniferroloff/Work/tuningStudies/JSS_tune.yoda/SoftDropMass/d05-x01-y01
Title=JSS Obs.
# xlow	 xhigh	 val	 errminus	 errplus
0.000000e+00	1.000000e+00	1.535735e-02	3.011825e-03	3.011825e-03
1.000000e+00	2.000000e+00	5.197874e-02	5.540952e-03	5.540952e-03
2.000000e+00	3.000000e+00	1.388069e-01	9.054761e-03	9.054761e-03
3.000000e+00	4.000000e+00	2.096869e-01	1.112903e-02	1.112903e-02
4.000000e+00	5.000000e+00	2.309510e-01	1.167969e-02	1.167969e-02
5.000000e+00	6.000000e+00	2.439457e-01	1.200378e-02	1.200378e-02
6.000000e+00	7.000000e+00	2.439457e-01	1.200378e-02	1.200378e-02
7.000000e+00	8.000000e+00	2.811577e-01	1.288684e-02	1.288684e-02
8.000000e+00	9.000000e+00	2.415830e-01	1.194551e-02	1.194551e-02
9.000000e+00	1.000000e+01	5.316007e-02	5.603563e-03	5.603563e-03
1.000000e+01	1.100000e+01	1.694915e-02	4.110774e-03	4.110774e-03
1.100000e+01	1.200000e+01	8.474576e-02	9.191969e-03	9.191969e-03
1.200000e+01	1.300000e+01	1.834497e-01	1.352409e-02	1.352409e-02
1.300000e+01	1.400000e+01	2.522433e-01	1.585840e-02	1.585840e-02
1.400000e+01	1.500000e+01	2.143569e-01	1.461902e-02	1.461902e-02
1.500000e+01	1.600000e+01	2.592223e-01	1.607629e-02	1.607629e-02
1.600000e+01	1.700000e+01	2.542373e-01	1.592096e-02	1.592096e-02
1.700000e+01	1.800000e+01	2.721834e-01	1.647329e-02	1.647329e-02
1.800000e+01	1.900000e+01	2.392822e-01	1.544560e-02	1.544560e-02
1.900000e+01	2.000000e+01	5.483549e-02	7.394016e-03	7.394016e-03
2.000000e+01	2.100000e+01	2.028986e-02	5.422692e-03	5.422692e-03
2.100000e+01	2.200000e+01	7.681159e-02	1.055089e-02	1.055089e-02
2.200000e+01	2.300000e+01	1.724638e-01	1.580973e-02	1.580973e-02
2.300000e+01	2.400000e+01	1.826087e-01	1.626808e-02	1.626808e-02
2.400000e+01	2.500000e+01	2.492754e-01	1.900707e-02	1.900707e-02
2.500000e+01	2.600000e+01	2.550725e-01	1.922681e-02	1.922681e-02
2.600000e+01	2.700000e+01	2.246377e-01	1.804333e-02	1.804333e-02
2.700000e+01	2.800000e+01	2.710145e-01	1.981854e-02	1.981854e-02
2.800000e+01	2.900000e+01	2.130435e-01	1.757153e-02	1.757153e-02
2.900000e+01	3.000000e+01	4.492754e-02	8.069224e-03	8.069224e-03
3.000000e+01	3.100000e+01	1.739130e-02	6.148754e-03	6.148754e-03
3.100000e+01	3.200000e+01	1.086957e-01	1.537189e-02	1.537189e-02
3.200000e+01	3.300000e+01	1.956522e-01	2.062355e-02	2.062355e-02
3.300000e+01	3.400000e+01	2.347826e-01	2.259197e-02	2.259197e-02
3.400000e+01	3.500000e+01	2.413043e-01	2.290360e-02	2.290360e-02
3.500000e+01	3.600000e+01	2.608696e-01	2.381403e-02	2.381403e-02
3.600000e+01	3.700000e+01	2.326087e-01	2.248713e-02	2.248713e-02
3.700000e+01	3.800000e+01	2.652174e-01	2.401165e-02	2.401165e-02
3.800000e+01	3.900000e+01	2.782609e-01	2.459502e-02	2.459502e-02
3.900000e+01	4.000000e+01	5.869565e-02	1.129598e-02	1.129598e-02
4.000000e+01	4.100000e+01	3.478261e-02	1.004088e-02	1.004088e-02
4.100000e+01	4.200000e+01	1.101449e-01	1.786787e-02	1.786787e-02
4.200000e+01	4.300000e+01	2.028986e-01	2.425101e-02	2.425101e-02
4.300000e+01	4.400000e+01	2.028986e-01	2.425101e-02	2.425101e-02
4.400000e+01	4.500000e+01	2.695652e-01	2.795261e-02	2.795261e-02
4.500000e+01	4.600000e+01	2.115942e-01	2.476523e-02	2.476523e-02
4.600000e+01	4.700000e+01	2.405797e-01	2.640705e-02	2.640705e-02
4.700000e+01	4.800000e+01	2.782609e-01	2.839988e-02	2.839988e-02
4.800000e+01	4.900000e+01	2.057971e-01	2.442362e-02	2.442362e-02
4.900000e+01	5.000000e+01	7.246377e-02	1.449275e-02	1.449275e-02
5.000000e+01	5.100000e+01	4.545455e-02	1.437399e-02	1.437399e-02
5.100000e+01	5.200000e+01	1.272727e-01	2.405228e-02	2.405228e-02
5.200000e+01	5.300000e+01	1.636364e-01	2.727273e-02	2.727273e-02
5.300000e+01	5.400000e+01	2.363636e-01	3.277774e-02	3.277774e-02
5.400000e+01	5.500000e+01	2.272727e-01	3.214122e-02	3.214122e-02
5.500000e+01	5.600000e+01	2.545455e-01	3.401507e-02	3.401507e-02
5.600000e+01	5.700000e+01	2.863636e-01	3.607843e-02	3.607843e-02
5.700000e+01	5.800000e+01	2.318182e-01	3.246104e-02	3.246104e-02
5.800000e+01	5.900000e+01	2.136364e-01	3.116207e-02	3.116207e-02
5.900000e+01	6.000000e+01	3.636364e-02	1.285649e-02	1.285649e-02
6.000000e+01	6.100000e+01	2.919708e-02	1.459854e-02	1.459854e-02
6.100000e+01	6.200000e+01	1.824818e-01	3.649636e-02	3.649636e-02
6.200000e+01	6.300000e+01	2.043796e-01	3.862411e-02	3.862411e-02
6.300000e+01	6.400000e+01	1.824818e-01	3.649636e-02	3.649636e-02
6.400000e+01	6.500000e+01	2.554745e-01	4.318306e-02	4.318306e-02
6.500000e+01	6.600000e+01	2.116788e-01	3.930777e-02	3.930777e-02
6.600000e+01	6.700000e+01	2.773723e-01	4.499572e-02	4.499572e-02
6.700000e+01	6.800000e+01	2.554745e-01	4.318306e-02	4.318306e-02
6.800000e+01	6.900000e+01	3.430657e-01	5.004127e-02	5.004127e-02
6.900000e+01	7.000000e+01	2.919708e-02	1.459854e-02	1.459854e-02
7.000000e+01	7.100000e+01	5.147059e-02	1.945405e-02	1.945405e-02
7.100000e+01	7.200000e+01	1.544118e-01	3.369542e-02	3.369542e-02
7.200000e+01	7.300000e+01	1.029412e-01	2.751219e-02	2.751219e-02
7.300000e+01	7.400000e+01	1.911765e-01	3.749279e-02	3.749279e-02
7.400000e+01	7.500000e+01	2.352941e-01	4.159452e-02	4.159452e-02
7.500000e+01	7.600000e+01	3.014706e-01	4.708180e-02	4.708180e-02
7.600000e+01	7.700000e+01	1.985294e-01	3.820700e-02	3.820700e-02
7.700000e+01	7.800000e+01	2.647059e-01	4.411765e-02	4.411765e-02
7.800000e+01	7.900000e+01	1.544118e-01	3.369542e-02	3.369542e-02
7.900000e+01	8.000000e+01	5.147059e-02	1.945405e-02	1.945405e-02
8.000000e+01	8.100000e+01	8.058608e-02	1.718101e-02	1.718101e-02
8.100000e+01	8.200000e+01	1.721612e-01	2.511229e-02	2.511229e-02
8.200000e+01	8.300000e+01	1.648352e-01	2.457218e-02	2.457218e-02
8.300000e+01	8.400000e+01	2.417582e-01	2.975838e-02	2.975838e-02
8.400000e+01	8.500000e+01	2.747253e-01	3.172255e-02	3.172255e-02
8.500000e+01	8.600000e+01	2.380952e-01	2.953208e-02	2.953208e-02
8.600000e+01	8.700000e+01	2.600733e-01	3.086502e-02	3.086502e-02
8.700000e+01	8.800000e+01	2.271062e-01	2.884252e-02	2.884252e-02
8.800000e+01	8.900000e+01	2.014652e-01	2.716556e-02	2.716556e-02
8.900000e+01	9.000000e+01	4.761905e-02	1.320715e-02	1.320715e-02
# END HISTO1D


# BEGIN HISTO1D //Users/jenniferroloff/Work/tuningStudies/monash_tune.yoda/SoftDropMass/d05-x01-y01
LineColor=green
LineStyle=solid
Path=//Users/jenniferroloff/Work/tuningStudies/monash_tune.yoda/SoftDropMass/d05-x01-y01
Title=Monash
# xlow	 xhigh	 val	 errminus	 errplus
0.000000e+00	1.000000e+00	1.112141e-02	1.135074e-03	1.135074e-03
1.000000e+00	2.000000e+00	5.108897e-02	2.432808e-03	2.432808e-03
2.000000e+00	3.000000e+00	1.353105e-01	3.959223e-03	3.959223e-03
3.000000e+00	4.000000e+00	1.953197e-01	4.756827e-03	4.756827e-03
4.000000e+00	5.000000e+00	2.314643e-01	5.178289e-03	5.178289e-03
5.000000e+00	6.000000e+00	2.467563e-01	5.346608e-03	5.346608e-03
6.000000e+00	7.000000e+00	2.553290e-01	5.438691e-03	5.438691e-03
7.000000e+00	8.000000e+00	2.664504e-01	5.555875e-03	5.555875e-03
8.000000e+00	9.000000e+00	2.328545e-01	5.193817e-03	5.193817e-03
9.000000e+00	1.000000e+01	5.827155e-02	2.598200e-03	2.598200e-03
1.000000e+01	1.100000e+01	1.406338e-02	1.623899e-03	1.623899e-03
1.100000e+01	1.200000e+01	6.581661e-02	3.513031e-03	3.513031e-03
1.200000e+01	1.300000e+01	1.505719e-01	5.313568e-03	5.313568e-03
1.300000e+01	1.400000e+01	2.068254e-01	6.227535e-03	6.227535e-03
1.400000e+01	1.500000e+01	2.447028e-01	6.773820e-03	6.773820e-03
1.500000e+01	1.600000e+01	2.480780e-01	6.820376e-03	6.820376e-03
1.600000e+01	1.700000e+01	2.467654e-01	6.802309e-03	6.802309e-03
1.700000e+01	1.800000e+01	2.604538e-01	6.988429e-03	6.988429e-03
1.800000e+01	1.900000e+01	2.282018e-01	6.541445e-03	6.541445e-03
1.900000e+01	2.000000e+01	6.112882e-02	3.385612e-03	3.385612e-03
2.000000e+01	2.100000e+01	1.430930e-02	1.984343e-03	1.984343e-03
2.100000e+01	2.200000e+01	6.962025e-02	4.376988e-03	4.376988e-03
2.200000e+01	2.300000e+01	1.560264e-01	6.552493e-03	6.552493e-03
2.300000e+01	2.400000e+01	2.039075e-01	7.490731e-03	7.490731e-03
2.400000e+01	2.500000e+01	2.438085e-01	8.190906e-03	8.190906e-03
2.500000e+01	2.600000e+01	2.380297e-01	8.093253e-03	8.093253e-03
2.600000e+01	2.700000e+01	2.616951e-01	8.486045e-03	8.486045e-03
2.700000e+01	2.800000e+01	2.564667e-01	8.400846e-03	8.400846e-03
2.800000e+01	2.900000e+01	2.184920e-01	7.753992e-03	7.753992e-03
2.900000e+01	3.000000e+01	5.365988e-02	3.842663e-03	3.842663e-03
3.000000e+01	3.100000e+01	2.376837e-02	3.204926e-03	3.204926e-03
3.100000e+01	3.200000e+01	7.994814e-02	5.877904e-03	5.877904e-03
3.200000e+01	3.300000e+01	1.707001e-01	8.588853e-03	8.588853e-03
3.300000e+01	3.400000e+01	2.385480e-01	1.015328e-02	1.015328e-02
3.400000e+01	3.500000e+01	2.303371e-01	9.977007e-03	9.977007e-03
3.500000e+01	3.600000e+01	2.433016e-01	1.025394e-02	1.025394e-02
3.600000e+01	3.700000e+01	2.597234e-01	1.059434e-02	1.059434e-02
3.700000e+01	3.800000e+01	2.666379e-01	1.073444e-02	1.073444e-02
3.800000e+01	3.900000e+01	2.372515e-01	1.012565e-02	1.012565e-02
3.900000e+01	4.000000e+01	6.784788e-02	5.414851e-03	5.414851e-03
4.000000e+01	4.100000e+01	1.722995e-02	3.379072e-03	3.379072e-03
4.100000e+01	4.200000e+01	1.020543e-01	8.223773e-03	8.223773e-03
4.200000e+01	4.300000e+01	1.696488e-01	1.060305e-02	1.060305e-02
4.300000e+01	4.400000e+01	2.220013e-01	1.212923e-02	1.212923e-02
4.400000e+01	4.500000e+01	2.571239e-01	1.305349e-02	1.305349e-02
4.500000e+01	4.600000e+01	2.345924e-01	1.246845e-02	1.246845e-02
4.600000e+01	4.700000e+01	2.617628e-01	1.317071e-02	1.317071e-02
4.700000e+01	4.800000e+01	2.465209e-01	1.278151e-02	1.278151e-02
4.800000e+01	4.900000e+01	2.233267e-01	1.216538e-02	1.216538e-02
4.900000e+01	5.000000e+01	5.897946e-02	6.251810e-03	6.251810e-03
5.000000e+01	5.100000e+01	2.909796e-02	5.312537e-03	5.312537e-03
5.100000e+01	5.200000e+01	1.183317e-01	1.071325e-02	1.071325e-02
5.200000e+01	5.300000e+01	1.891368e-01	1.354436e-02	1.354436e-02
5.300000e+01	5.400000e+01	2.211445e-01	1.464565e-02	1.464565e-02
5.400000e+01	5.500000e+01	2.531523e-01	1.566973e-02	1.566973e-02
5.500000e+01	5.600000e+01	2.327837e-01	1.502612e-02	1.502612e-02
5.600000e+01	5.700000e+01	2.570320e-01	1.578935e-02	1.578935e-02
5.700000e+01	5.800000e+01	2.570320e-01	1.578935e-02	1.578935e-02
5.800000e+01	5.900000e+01	2.182347e-01	1.454898e-02	1.454898e-02
5.900000e+01	6.000000e+01	5.528613e-02	7.322827e-03	7.322827e-03
6.000000e+01	6.100000e+01	3.873745e-02	7.455025e-03	7.455025e-03
6.100000e+01	6.200000e+01	1.463415e-01	1.448997e-02	1.448997e-02
6.200000e+01	6.300000e+01	1.908178e-01	1.654600e-02	1.654600e-02
6.300000e+01	6.400000e+01	2.238164e-01	1.791965e-02	1.791965e-02
6.400000e+01	6.500000e+01	2.352941e-01	1.837338e-02	1.837338e-02
6.500000e+01	6.600000e+01	2.410330e-01	1.859610e-02	1.859610e-02
6.600000e+01	6.700000e+01	2.639885e-01	1.946149e-02	1.946149e-02
6.700000e+01	6.800000e+01	2.596844e-01	1.930219e-02	1.930219e-02
6.800000e+01	6.900000e+01	1.951220e-01	1.673157e-02	1.673157e-02
6.900000e+01	7.000000e+01	5.451937e-02	8.844209e-03	8.844209e-03
7.000000e+01	7.100000e+01	6.289308e-02	1.148265e-02	1.148265e-02
7.100000e+01	7.200000e+01	1.362683e-01	1.690201e-02	1.690201e-02
7.200000e+01	7.300000e+01	1.823899e-01	1.955425e-02	1.955425e-02
7.300000e+01	7.400000e+01	2.306080e-01	2.198761e-02	2.198761e-02
7.400000e+01	7.500000e+01	2.515723e-01	2.296531e-02	2.296531e-02
7.500000e+01	7.600000e+01	2.306080e-01	2.198761e-02	2.198761e-02
7.600000e+01	7.700000e+01	2.473795e-01	2.277312e-02	2.277312e-02
7.700000e+01	7.800000e+01	2.704403e-01	2.381094e-02	2.381094e-02
7.800000e+01	7.900000e+01	2.138365e-01	2.117297e-02	2.117297e-02
7.900000e+01	8.000000e+01	4.402516e-02	9.607077e-03	9.607077e-03
8.000000e+01	8.100000e+01	7.245223e-02	7.595058e-03	7.595058e-03
8.100000e+01	8.200000e+01	1.488854e-01	1.088758e-02	1.088758e-02
8.200000e+01	8.300000e+01	2.038217e-01	1.273885e-02	1.273885e-02
8.300000e+01	8.400000e+01	2.308917e-01	1.355843e-02	1.355843e-02
8.400000e+01	8.500000e+01	2.515924e-01	1.415318e-02	1.415318e-02
8.500000e+01	8.600000e+01	2.539809e-01	1.422020e-02	1.422020e-02
8.600000e+01	8.700000e+01	2.404459e-01	1.383610e-02	1.383610e-02
8.700000e+01	8.800000e+01	2.539809e-01	1.422020e-02	1.422020e-02
8.800000e+01	8.900000e+01	2.221338e-01	1.329880e-02	1.329880e-02
8.900000e+01	9.000000e+01	4.538217e-02	6.011015e-03	6.011015e-03
# END HISTO1D


# BEGIN HISTO1D //Users/jenniferroloff/Work/tuningStudies/ATLAS_tune.yoda/SoftDropMass/d05-x01-y01
LineColor=orange
LineStyle=solid
Path=//Users/jenniferroloff/Work/tuningStudies/ATLAS_tune.yoda/SoftDropMass/d05-x01-y01
Title=ATLAS
# xlow	 xhigh	 val	 errminus	 errplus
0.000000e+00	1.000000e+00	1.684570e-02	1.013992e-03	1.013992e-03
1.000000e+00	2.000000e+00	6.933594e-02	2.057166e-03	2.057166e-03
2.000000e+00	3.000000e+00	1.635132e-01	3.159122e-03	3.159122e-03
3.000000e+00	4.000000e+00	2.260132e-01	3.714128e-03	3.714128e-03
4.000000e+00	5.000000e+00	2.478638e-01	3.889524e-03	3.889524e-03
5.000000e+00	6.000000e+00	2.485962e-01	3.895268e-03	3.895268e-03
6.000000e+00	7.000000e+00	2.465820e-01	3.879455e-03	3.879455e-03
7.000000e+00	8.000000e+00	2.569580e-01	3.960236e-03	3.960236e-03
8.000000e+00	9.000000e+00	2.319336e-01	3.762459e-03	3.762459e-03
9.000000e+00	1.000000e+01	5.761719e-02	1.875280e-03	1.875280e-03
1.000000e+01	1.100000e+01	2.006947e-02	1.391567e-03	1.391567e-03
1.100000e+01	1.200000e+01	8.896179e-02	2.929801e-03	2.929801e-03
1.200000e+01	1.300000e+01	1.703975e-01	4.054786e-03	4.054786e-03
1.300000e+01	1.400000e+01	2.307989e-01	4.719035e-03	4.719035e-03
1.400000e+01	1.500000e+01	2.399653e-01	4.811832e-03	4.811832e-03
1.500000e+01	1.600000e+01	2.436318e-01	4.848454e-03	4.848454e-03
1.600000e+01	1.700000e+01	2.584909e-01	4.994120e-03	4.994120e-03
1.700000e+01	1.800000e+01	2.579120e-01	4.988524e-03	4.988524e-03
1.800000e+01	1.900000e+01	2.126592e-01	4.529794e-03	4.529794e-03
1.900000e+01	2.000000e+01	5.586646e-02	2.321731e-03	2.321731e-03
2.000000e+01	2.100000e+01	2.627582e-02	1.997714e-03	1.997714e-03
2.100000e+01	2.200000e+01	1.078372e-01	4.047057e-03	4.047057e-03
2.200000e+01	2.300000e+01	1.933475e-01	5.419065e-03	5.419065e-03
2.300000e+01	2.400000e+01	2.354192e-01	5.979654e-03	5.979654e-03
2.400000e+01	2.500000e+01	2.465067e-01	6.118845e-03	6.118845e-03
2.500000e+01	2.600000e+01	2.489368e-01	6.148932e-03	6.148932e-03
2.600000e+01	2.700000e+01	2.536452e-01	6.206809e-03	6.206809e-03
2.700000e+01	2.800000e+01	2.509113e-01	6.173269e-03	6.173269e-03
2.800000e+01	2.900000e+01	2.184083e-01	5.759564e-03	5.759564e-03
2.900000e+01	3.000000e+01	5.543742e-02	2.901727e-03	2.901727e-03
3.000000e+01	3.100000e+01	3.048361e-02	2.643264e-03	2.643264e-03
3.100000e+01	3.200000e+01	1.123080e-01	5.073560e-03	5.073560e-03
3.200000e+01	3.300000e+01	1.918405e-01	6.630977e-03	6.630977e-03
3.300000e+01	3.400000e+01	2.365345e-01	7.362997e-03	7.362997e-03
3.400000e+01	3.500000e+01	2.587669e-01	7.701260e-03	7.701260e-03
3.500000e+01	3.600000e+01	2.365345e-01	7.362997e-03	7.362997e-03
3.600000e+01	3.700000e+01	2.457025e-01	7.504335e-03	7.504335e-03
3.700000e+01	3.800000e+01	2.589961e-01	7.704669e-03	7.704669e-03
3.800000e+01	3.900000e+01	2.044465e-01	6.845374e-03	6.845374e-03
3.900000e+01	4.000000e+01	5.890442e-02	3.674357e-03	3.674357e-03
4.000000e+01	4.100000e+01	3.567753e-02	3.498470e-03	3.498470e-03
4.100000e+01	4.200000e+01	1.197256e-01	6.408762e-03	6.408762e-03
4.200000e+01	4.300000e+01	2.058319e-01	8.403052e-03	8.403052e-03
4.300000e+01	4.400000e+01	2.264151e-01	8.813196e-03	8.813196e-03
4.400000e+01	4.500000e+01	2.490566e-01	9.243358e-03	9.243358e-03
4.500000e+01	4.600000e+01	2.435678e-01	9.140935e-03	9.140935e-03
4.600000e+01	4.700000e+01	2.535163e-01	9.325748e-03	9.325748e-03
4.700000e+01	4.800000e+01	2.538593e-01	9.332055e-03	9.332055e-03
4.800000e+01	4.900000e+01	2.288165e-01	8.859809e-03	8.859809e-03
4.900000e+01	5.000000e+01	6.140652e-02	4.589739e-03	4.589739e-03
5.000000e+01	5.100000e+01	4.826863e-02	5.032352e-03	5.032352e-03
5.100000e+01	5.200000e+01	1.358867e-01	8.443587e-03	8.443587e-03
5.200000e+01	5.300000e+01	2.219307e-01	1.079064e-02	1.079064e-02
5.300000e+01	5.400000e+01	2.444911e-01	1.132583e-02	1.132583e-02
5.400000e+01	5.500000e+01	2.256034e-01	1.087956e-02	1.087956e-02
5.500000e+01	5.600000e+01	2.492130e-01	1.143468e-02	1.143468e-02
5.600000e+01	5.700000e+01	2.654774e-01	1.180191e-02	1.180191e-02
5.700000e+01	5.800000e+01	2.597062e-01	1.167293e-02	1.167293e-02
5.800000e+01	5.900000e+01	2.313746e-01	1.101784e-02	1.101784e-02
5.900000e+01	6.000000e+01	5.089192e-02	5.167291e-03	5.167291e-03
6.000000e+01	6.100000e+01	4.005722e-02	5.352872e-03	5.352872e-03
6.100000e+01	6.200000e+01	1.323319e-01	9.729235e-03	9.729235e-03
6.200000e+01	6.300000e+01	2.296137e-01	1.281579e-02	1.281579e-02
6.300000e+01	6.400000e+01	1.952790e-01	1.181882e-02	1.181882e-02
6.400000e+01	6.500000e+01	2.374821e-01	1.303353e-02	1.303353e-02
6.500000e+01	6.600000e+01	2.567954e-01	1.355314e-02	1.355314e-02
6.600000e+01	6.700000e+01	2.625179e-01	1.370332e-02	1.370332e-02
6.700000e+01	6.800000e+01	2.432046e-01	1.318962e-02	1.318962e-02
6.800000e+01	6.900000e+01	2.060086e-01	1.213917e-02	1.213917e-02
6.900000e+01	7.000000e+01	5.793991e-02	6.437768e-03	6.437768e-03
7.000000e+01	7.100000e+01	6.331878e-02	8.314163e-03	8.314163e-03
7.100000e+01	7.200000e+01	1.757642e-01	1.385216e-02	1.385216e-02
7.200000e+01	7.300000e+01	2.085153e-01	1.508764e-02	1.508764e-02
7.300000e+01	7.400000e+01	2.576419e-01	1.677106e-02	1.677106e-02
7.400000e+01	7.500000e+01	2.412664e-01	1.622933e-02	1.622933e-02
7.500000e+01	7.600000e+01	2.510917e-01	1.655650e-02	1.655650e-02
7.600000e+01	7.700000e+01	2.456332e-01	1.637555e-02	1.637555e-02
7.700000e+01	7.800000e+01	2.620087e-01	1.691259e-02	1.691259e-02
7.800000e+01	7.900000e+01	2.128821e-01	1.524480e-02	1.524480e-02
7.900000e+01	8.000000e+01	5.021834e-02	7.404291e-03	7.404291e-03
8.000000e+01	8.100000e+01	9.303279e-02	6.174803e-03	6.174803e-03
8.100000e+01	8.200000e+01	2.077869e-01	9.228140e-03	9.228140e-03
8.200000e+01	8.300000e+01	2.426230e-01	9.971742e-03	9.971742e-03
8.300000e+01	8.400000e+01	2.557377e-01	1.023770e-02	1.023770e-02
8.400000e+01	8.500000e+01	2.483607e-01	1.008896e-02	1.008896e-02
8.500000e+01	8.600000e+01	2.450820e-01	1.002215e-02	1.002215e-02
8.600000e+01	8.700000e+01	2.508197e-01	1.013878e-02	1.013878e-02
8.700000e+01	8.800000e+01	2.557377e-01	1.023770e-02	1.023770e-02
8.800000e+01	8.900000e+01	1.893443e-01	8.809092e-03	8.809092e-03
8.900000e+01	9.000000e+01	5.000000e-02	4.526787e-03	4.526787e-03
# END HISTO1D

