# BEGIN PLOT
LegendOnly=/SoftDropMass/d06-x01-y01 //Users/jenniferroloff/Work/tuningStudies/SoftDropMassInclPt_tune.yoda/SoftDropMass/d06-x01-y01 //Users/jenniferroloff/Work/tuningStudies/JSS_tune.yoda/SoftDropMass/d06-x01-y01 //Users/jenniferroloff/Work/tuningStudies/monash_tune.yoda/SoftDropMass/d06-x01-y01 //Users/jenniferroloff/Work/tuningStudies/ATLAS_tune.yoda/SoftDropMass/d06-x01-y01
DrawOnly=/SoftDropMass/d06-x01-y01 //Users/jenniferroloff/Work/tuningStudies/SoftDropMassInclPt_tune.yoda/SoftDropMass/d06-x01-y01 //Users/jenniferroloff/Work/tuningStudies/JSS_tune.yoda/SoftDropMass/d06-x01-y01 //Users/jenniferroloff/Work/tuningStudies/monash_tune.yoda/SoftDropMass/d06-x01-y01 //Users/jenniferroloff/Work/tuningStudies/ATLAS_tune.yoda/SoftDropMass/d06-x01-y01
RatioPlotReference=/SoftDropMass/d06-x01-y01
RatioPlot=1
LogY=1
Legend=1
# END PLOT

# BEGIN HISTO1D /SoftDropMass/d06-x01-y01
ConnectBins=0
ErrorBars=1
IsRef=1
Path=/SoftDropMass/d06-x01-y01
PolyMarker=*
Title=Data
# xlow	 xhigh	 val	 errminus	 errplus
0.000000e+00	1.000000e+00	1.451020e-03	7.882910e-04	7.882910e-04
1.000000e+00	2.000000e+00	1.071270e-02	3.272191e-03	3.272191e-03
2.000000e+00	3.000000e+00	5.800300e-02	8.812056e-03	8.812056e-03
3.000000e+00	4.000000e+00	1.452040e-01	1.629867e-02	1.629867e-02
4.000000e+00	5.000000e+00	2.282400e-01	1.592383e-02	1.592383e-02
5.000000e+00	6.000000e+00	2.607350e-01	6.181668e-03	6.181668e-03
6.000000e+00	7.000000e+00	2.509770e-01	3.256076e-02	3.256076e-02
7.000000e+00	8.000000e+00	2.600480e-01	5.048659e-02	5.048659e-02
8.000000e+00	9.000000e+00	2.076820e-01	3.671640e-02	3.671640e-02
9.000000e+00	1.000000e+01	4.855830e-02	7.593570e-03	7.593570e-03
1.000000e+01	1.100000e+01	1.701470e-03	1.420534e-03	1.420534e-03
1.100000e+01	1.200000e+01	1.303100e-02	4.388875e-03	4.388875e-03
1.200000e+01	1.300000e+01	6.584180e-02	7.450886e-03	7.450886e-03
1.300000e+01	1.400000e+01	1.543540e-01	1.918052e-02	1.918052e-02
1.400000e+01	1.500000e+01	2.322490e-01	1.309749e-02	1.309749e-02
1.500000e+01	1.600000e+01	2.580480e-01	1.145924e-02	1.145924e-02
1.600000e+01	1.700000e+01	2.532390e-01	2.840945e-02	2.840945e-02
1.700000e+01	1.800000e+01	2.564630e-01	3.583305e-02	3.583305e-02
1.800000e+01	1.900000e+01	2.160430e-01	2.358462e-02	2.358462e-02
1.900000e+01	2.000000e+01	4.497230e-02	4.589910e-03	4.589910e-03
2.000000e+01	2.100000e+01	2.056070e-03	8.495899e-04	8.495899e-04
2.100000e+01	2.200000e+01	1.625990e-02	3.532864e-03	3.532864e-03
2.200000e+01	2.300000e+01	7.476760e-02	8.029084e-03	8.029084e-03
2.300000e+01	2.400000e+01	1.652030e-01	1.423096e-02	1.423096e-02
2.400000e+01	2.500000e+01	2.336510e-01	1.083591e-02	1.083591e-02
2.500000e+01	2.600000e+01	2.534420e-01	7.248500e-03	7.248500e-03
2.600000e+01	2.700000e+01	2.557160e-01	2.419191e-02	2.419191e-02
2.700000e+01	2.800000e+01	2.571910e-01	2.906411e-02	2.906411e-02
2.800000e+01	2.900000e+01	1.974650e-01	1.836495e-02	1.836495e-02
2.900000e+01	3.000000e+01	4.612460e-02	4.530762e-03	4.530762e-03
3.000000e+01	3.100000e+01	2.780840e-03	1.310385e-03	1.310385e-03
3.100000e+01	3.200000e+01	2.011460e-02	3.388850e-03	3.388850e-03
3.200000e+01	3.300000e+01	8.713480e-02	1.092323e-02	1.092323e-02
3.300000e+01	3.400000e+01	1.776640e-01	2.074160e-02	2.074160e-02
3.400000e+01	3.500000e+01	2.399340e-01	8.934288e-03	8.934288e-03
3.500000e+01	3.600000e+01	2.518430e-01	1.418693e-02	1.418693e-02
3.600000e+01	3.700000e+01	2.516430e-01	2.298751e-02	2.298751e-02
3.700000e+01	3.800000e+01	2.565800e-01	2.301286e-02	2.301286e-02
3.800000e+01	3.900000e+01	1.975050e-01	1.306735e-02	1.306735e-02
3.900000e+01	4.000000e+01	4.586020e-02	3.871779e-03	3.871779e-03
4.000000e+01	4.100000e+01	3.363920e-03	1.271215e-03	1.271215e-03
4.100000e+01	4.200000e+01	2.484960e-02	3.126590e-03	3.126590e-03
4.200000e+01	4.300000e+01	1.011310e-01	1.197961e-02	1.197961e-02
4.300000e+01	4.400000e+01	1.914850e-01	1.806736e-02	1.806736e-02
4.400000e+01	4.500000e+01	2.466870e-01	7.911684e-03	7.911684e-03
4.500000e+01	4.600000e+01	2.490170e-01	1.187303e-02	1.187303e-02
4.600000e+01	4.700000e+01	2.520100e-01	2.138633e-02	2.138633e-02
4.700000e+01	4.800000e+01	2.522850e-01	2.227329e-02	2.227329e-02
4.800000e+01	4.900000e+01	2.181970e-01	1.484489e-02	1.484489e-02
4.900000e+01	5.000000e+01	4.764540e-02	3.682651e-03	3.682651e-03
5.000000e+01	5.100000e+01	3.811130e-03	1.457701e-03	1.457701e-03
5.100000e+01	5.200000e+01	2.918450e-02	3.124059e-03	3.124059e-03
5.200000e+01	5.300000e+01	1.095020e-01	1.340178e-02	1.340178e-02
5.300000e+01	5.400000e+01	2.007790e-01	1.725864e-02	1.725864e-02
5.400000e+01	5.500000e+01	2.595980e-01	7.224288e-03	7.224288e-03
5.500000e+01	5.600000e+01	2.560670e-01	1.223389e-02	1.223389e-02
5.600000e+01	5.700000e+01	2.436480e-01	1.838010e-02	1.838010e-02
5.700000e+01	5.800000e+01	2.406870e-01	1.676567e-02	1.676567e-02
5.800000e+01	5.900000e+01	1.933920e-01	1.195982e-02	1.195982e-02
5.900000e+01	6.000000e+01	4.667260e-02	3.722685e-03	3.722685e-03
6.000000e+01	6.100000e+01	4.413400e-03	1.268990e-03	1.268990e-03
6.100000e+01	6.200000e+01	3.061960e-02	2.639325e-03	2.639325e-03
6.200000e+01	6.300000e+01	1.127680e-01	1.329487e-02	1.329487e-02
6.300000e+01	6.400000e+01	2.018120e-01	1.604639e-02	1.604639e-02
6.400000e+01	6.500000e+01	2.579360e-01	6.583117e-03	6.583117e-03
6.500000e+01	6.600000e+01	2.589620e-01	1.348991e-02	1.348991e-02
6.600000e+01	6.700000e+01	2.474050e-01	1.658657e-02	1.658657e-02
6.700000e+01	6.800000e+01	2.356970e-01	1.519333e-02	1.519333e-02
6.800000e+01	6.900000e+01	1.783890e-01	1.202554e-02	1.202554e-02
6.900000e+01	7.000000e+01	5.033090e-02	4.666089e-03	4.666089e-03
7.000000e+01	7.100000e+01	5.583320e-03	1.243267e-03	1.243267e-03
7.100000e+01	7.200000e+01	3.709650e-02	3.393921e-03	3.393921e-03
7.200000e+01	7.300000e+01	1.233910e-01	1.413413e-02	1.413413e-02
7.300000e+01	7.400000e+01	2.099080e-01	1.386994e-02	1.386994e-02
7.400000e+01	7.500000e+01	2.588650e-01	7.266487e-03	7.266487e-03
7.500000e+01	7.600000e+01	2.612550e-01	1.273858e-02	1.273858e-02
7.600000e+01	7.700000e+01	2.504530e-01	1.341395e-02	1.341395e-02
7.700000e+01	7.800000e+01	2.294280e-01	1.062977e-02	1.062977e-02
7.800000e+01	7.900000e+01	1.808650e-01	1.195040e-02	1.195040e-02
7.900000e+01	8.000000e+01	4.729000e-02	4.827826e-03	4.827826e-03
8.000000e+01	8.100000e+01	1.043100e-02	9.769873e-04	9.769873e-04
8.100000e+01	8.200000e+01	5.868170e-02	6.191277e-03	6.191277e-03
8.200000e+01	8.300000e+01	1.555600e-01	1.730443e-02	1.730443e-02
8.300000e+01	8.400000e+01	2.322070e-01	1.072048e-02	1.072048e-02
8.400000e+01	8.500000e+01	2.695850e-01	7.578822e-03	7.578822e-03
8.500000e+01	8.600000e+01	2.576150e-01	1.069442e-02	1.069442e-02
8.600000e+01	8.700000e+01	2.273400e-01	9.054248e-03	9.054248e-03
8.700000e+01	8.800000e+01	2.454610e-01	7.540339e-03	7.540339e-03
8.800000e+01	8.900000e+01	1.819030e-01	8.450925e-03	8.450925e-03
8.900000e+01	9.000000e+01	3.251530e-02	2.258698e-03	2.258698e-03
# END HISTO1D


# BEGIN HISTO1D //Users/jenniferroloff/Work/tuningStudies/SoftDropMassInclPt_tune.yoda/SoftDropMass/d06-x01-y01
LineColor=red
LineStyle=dashed
LineWidth=0.06
Path=//Users/jenniferroloff/Work/tuningStudies/SoftDropMassInclPt_tune.yoda/SoftDropMass/d06-x01-y01
Title=Soft Drop Mass, incl. pT
# xlow	 xhigh	 val	 errminus	 errplus
0.000000e+00	1.000000e+00	1.282367e-03	2.514929e-04	2.514929e-04
1.000000e+00	2.000000e+00	1.001233e-02	7.027278e-04	7.027278e-04
2.000000e+00	3.000000e+00	5.080148e-02	1.582916e-03	1.582916e-03
3.000000e+00	4.000000e+00	1.360296e-01	2.590218e-03	2.590218e-03
4.000000e+00	5.000000e+00	2.090752e-01	3.211226e-03	3.211226e-03
5.000000e+00	6.000000e+00	2.586930e-01	3.572004e-03	3.572004e-03
6.000000e+00	7.000000e+00	2.610111e-01	3.587972e-03	3.587972e-03
7.000000e+00	8.000000e+00	2.712207e-01	3.657472e-03	3.657472e-03
8.000000e+00	9.000000e+00	2.052281e-01	3.181545e-03	3.181545e-03
9.000000e+00	1.000000e+01	5.208385e-02	1.602769e-03	1.602769e-03
1.000000e+01	1.100000e+01	1.359456e-03	3.297165e-04	3.297165e-04
1.100000e+01	1.200000e+01	1.151539e-02	9.596162e-04	9.596162e-04
1.200000e+01	1.300000e+01	6.341463e-02	2.251920e-03	2.251920e-03
1.300000e+01	1.400000e+01	1.468213e-01	3.426516e-03	3.426516e-03
1.400000e+01	1.500000e+01	2.233507e-01	4.226217e-03	4.226217e-03
1.500000e+01	1.600000e+01	2.509396e-01	4.479636e-03	4.479636e-03
1.600000e+01	1.700000e+01	2.588565e-01	4.549752e-03	4.549752e-03
1.700000e+01	1.800000e+01	2.668533e-01	4.619493e-03	4.619493e-03
1.800000e+01	1.900000e+01	2.068772e-01	4.067378e-03	4.067378e-03
1.900000e+01	2.000000e+01	5.549780e-02	2.106668e-03	2.106668e-03
2.000000e+01	2.100000e+01	1.610505e-03	4.466738e-04	4.466738e-04
2.100000e+01	2.200000e+01	1.449455e-02	1.340022e-03	1.340022e-03
2.200000e+01	2.300000e+01	6.987116e-02	2.942107e-03	2.942107e-03
2.300000e+01	2.400000e+01	1.657582e-01	4.531552e-03	4.531552e-03
2.400000e+01	2.500000e+01	2.280723e-01	5.315520e-03	5.315520e-03
2.500000e+01	2.600000e+01	2.527255e-01	5.595436e-03	5.595436e-03
2.600000e+01	2.700000e+01	2.612735e-01	5.689278e-03	5.689278e-03
2.700000e+01	2.800000e+01	2.579286e-01	5.652743e-03	5.652743e-03
2.800000e+01	2.900000e+01	2.051536e-01	5.041375e-03	5.041375e-03
2.900000e+01	3.000000e+01	5.364222e-02	2.577881e-03	2.577881e-03
3.000000e+01	3.100000e+01	2.999063e-03	7.497657e-04	7.497657e-04
3.100000e+01	3.200000e+01	1.893158e-02	1.883763e-03	1.883763e-03
3.200000e+01	3.300000e+01	7.853796e-02	3.836831e-03	3.836831e-03
3.300000e+01	3.400000e+01	1.617619e-01	5.506441e-03	5.506441e-03
3.400000e+01	3.500000e+01	2.414246e-01	6.727032e-03	6.727032e-03
3.500000e+01	3.600000e+01	2.434864e-01	6.755697e-03	6.755697e-03
3.600000e+01	3.700000e+01	2.517338e-01	6.869159e-03	6.869159e-03
3.700000e+01	3.800000e+01	2.633552e-01	7.025928e-03	7.025928e-03
3.800000e+01	3.900000e+01	2.029991e-01	6.168503e-03	6.168503e-03
3.900000e+01	4.000000e+01	5.323336e-02	3.158819e-03	3.158819e-03
4.000000e+01	4.100000e+01	3.052164e-03	9.202621e-04	9.202621e-04
4.100000e+01	4.200000e+01	1.831299e-02	2.254173e-03	2.254173e-03
4.200000e+01	4.300000e+01	8.490566e-02	4.853734e-03	4.853734e-03
4.300000e+01	4.400000e+01	1.628746e-01	6.722554e-03	6.722554e-03
4.400000e+01	4.500000e+01	2.325194e-01	8.032250e-03	8.032250e-03
4.500000e+01	4.600000e+01	2.475028e-01	8.287006e-03	8.287006e-03
4.600000e+01	4.700000e+01	2.586016e-01	8.470776e-03	8.470776e-03
4.700000e+01	4.800000e+01	2.613762e-01	8.516098e-03	8.516098e-03
4.800000e+01	4.900000e+01	1.950610e-01	7.356867e-03	7.356867e-03
4.900000e+01	5.000000e+01	4.633740e-02	3.585697e-03	3.585697e-03
5.000000e+01	5.100000e+01	1.679966e-03	8.399832e-04	8.399832e-04
5.100000e+01	5.200000e+01	2.267955e-02	3.086295e-03	3.086295e-03
5.200000e+01	5.300000e+01	1.087778e-01	6.759125e-03	6.759125e-03
5.300000e+01	5.400000e+01	1.843763e-01	8.799801e-03	8.799801e-03
5.400000e+01	5.500000e+01	2.335153e-01	9.903256e-03	9.903256e-03
5.500000e+01	5.600000e+01	2.435951e-01	1.011474e-02	1.011474e-02
5.600000e+01	5.700000e+01	2.624948e-01	1.049979e-02	1.049979e-02
5.700000e+01	5.800000e+01	2.603948e-01	1.045771e-02	1.045771e-02
5.800000e+01	5.900000e+01	2.179756e-01	9.568069e-03	9.568069e-03
5.900000e+01	6.000000e+01	5.039899e-02	4.600777e-03	4.600777e-03
6.000000e+01	6.100000e+01	5.107832e-03	1.702611e-03	1.702611e-03
6.100000e+01	6.200000e+01	2.270148e-02	3.589418e-03	3.589418e-03
6.200000e+01	6.300000e+01	1.157775e-01	8.106048e-03	8.106048e-03
6.300000e+01	6.400000e+01	1.872872e-01	1.030982e-02	1.030982e-02
6.400000e+01	6.500000e+01	2.491487e-01	1.189122e-02	1.189122e-02
6.500000e+01	6.600000e+01	2.502838e-01	1.191828e-02	1.191828e-02
6.600000e+01	6.700000e+01	2.610670e-01	1.217231e-02	1.217231e-02
6.700000e+01	6.800000e+01	2.395006e-01	1.165870e-02	1.165870e-02
6.800000e+01	6.900000e+01	1.696935e-01	9.813630e-03	9.813630e-03
6.900000e+01	7.000000e+01	5.051078e-02	5.354132e-03	5.354132e-03
7.000000e+01	7.100000e+01	4.132231e-03	1.847990e-03	1.847990e-03
7.100000e+01	7.200000e+01	3.801653e-02	5.605231e-03	5.605231e-03
7.200000e+01	7.300000e+01	1.305785e-01	1.038827e-02	1.038827e-02
7.300000e+01	7.400000e+01	1.966942e-01	1.274979e-02	1.274979e-02
7.400000e+01	7.500000e+01	2.396694e-01	1.407387e-02	1.407387e-02
7.500000e+01	7.600000e+01	2.338843e-01	1.390298e-02	1.390298e-02
7.600000e+01	7.700000e+01	2.413223e-01	1.412232e-02	1.412232e-02
7.700000e+01	7.800000e+01	2.851240e-01	1.535056e-02	1.535056e-02
7.800000e+01	7.900000e+01	1.859504e-01	1.239669e-02	1.239669e-02
7.900000e+01	8.000000e+01	3.884298e-02	5.665830e-03	5.665830e-03
8.000000e+01	8.100000e+01	7.779579e-03	1.588000e-03	1.588000e-03
8.100000e+01	8.200000e+01	5.024311e-02	4.035624e-03	4.035624e-03
8.200000e+01	8.300000e+01	1.461912e-01	6.883877e-03	6.883877e-03
8.300000e+01	8.400000e+01	2.068071e-01	8.187573e-03	8.187573e-03
8.400000e+01	8.500000e+01	2.538088e-01	9.070385e-03	9.070385e-03
8.500000e+01	8.600000e+01	2.521880e-01	9.041378e-03	9.041378e-03
8.600000e+01	8.700000e+01	2.534846e-01	9.064591e-03	9.064591e-03
8.700000e+01	8.800000e+01	2.405186e-01	8.829717e-03	8.829717e-03
8.800000e+01	8.900000e+01	1.824959e-01	7.691287e-03	7.691287e-03
8.900000e+01	9.000000e+01	4.764992e-02	3.930099e-03	3.930099e-03
# END HISTO1D


# BEGIN HISTO1D //Users/jenniferroloff/Work/tuningStudies/JSS_tune.yoda/SoftDropMass/d06-x01-y01
LineColor=blue
LineStyle=dotted
LineWidth=0.06
Path=//Users/jenniferroloff/Work/tuningStudies/JSS_tune.yoda/SoftDropMass/d06-x01-y01
Title=JSS Observables
# xlow	 xhigh	 val	 errminus	 errplus
0.000000e+00	1.000000e+00	5.007511e-04	5.007511e-04	5.007511e-04
1.000000e+00	2.000000e+00	5.007511e-03	1.583514e-03	1.583514e-03
2.000000e+00	3.000000e+00	6.209314e-02	5.576129e-03	5.576129e-03
3.000000e+00	4.000000e+00	1.286930e-01	8.027651e-03	8.027651e-03
4.000000e+00	5.000000e+00	2.168252e-01	1.041996e-02	1.041996e-02
5.000000e+00	6.000000e+00	2.438658e-01	1.105062e-02	1.105062e-02
6.000000e+00	7.000000e+00	2.573861e-01	1.135281e-02	1.135281e-02
7.000000e+00	8.000000e+00	2.819229e-01	1.188163e-02	1.188163e-02
8.000000e+00	9.000000e+00	2.113170e-01	1.028675e-02	1.028675e-02
9.000000e+00	1.000000e+01	4.506760e-02	4.750542e-03	4.750542e-03
1.000000e+01	1.100000e+01	0.000000e+00	0.000000e+00	0.000000e+00
1.100000e+01	1.200000e+01	1.144726e-02	3.059409e-03	3.059409e-03
1.200000e+01	1.300000e+01	6.786590e-02	7.449251e-03	7.449251e-03
1.300000e+01	1.400000e+01	1.741619e-01	1.193338e-02	1.193338e-02
1.400000e+01	1.500000e+01	2.240392e-01	1.353471e-02	1.353471e-02
1.500000e+01	1.600000e+01	2.289452e-01	1.368209e-02	1.368209e-02
1.600000e+01	1.700000e+01	2.649223e-01	1.471791e-02	1.471791e-02
1.700000e+01	1.800000e+01	2.820932e-01	1.518739e-02	1.518739e-02
1.800000e+01	1.900000e+01	2.060507e-01	1.297997e-02	1.297997e-02
1.900000e+01	2.000000e+01	4.497138e-02	6.063940e-03	6.063940e-03
2.000000e+01	2.100000e+01	2.469136e-03	1.745943e-03	1.745943e-03
2.100000e+01	2.200000e+01	8.641975e-03	3.266360e-03	3.266360e-03
2.200000e+01	2.300000e+01	7.777778e-02	9.799079e-03	9.799079e-03
2.300000e+01	2.400000e+01	1.395062e-01	1.312364e-02	1.312364e-02
2.400000e+01	2.500000e+01	2.135802e-01	1.623820e-02	1.623820e-02
2.500000e+01	2.600000e+01	2.604938e-01	1.793313e-02	1.793313e-02
2.600000e+01	2.700000e+01	2.370370e-01	1.710667e-02	1.710667e-02
2.700000e+01	2.800000e+01	2.888889e-01	1.888526e-02	1.888526e-02
2.800000e+01	2.900000e+01	1.925926e-01	1.541975e-02	1.541975e-02
2.900000e+01	3.000000e+01	3.950617e-02	6.983770e-03	6.983770e-03
3.000000e+01	3.100000e+01	1.795332e-03	1.795332e-03	1.795332e-03
3.100000e+01	3.200000e+01	2.872531e-02	7.181329e-03	7.181329e-03
3.200000e+01	3.300000e+01	6.642729e-02	1.092058e-02	1.092058e-02
3.300000e+01	3.400000e+01	1.777379e-01	1.786333e-02	1.786333e-02
3.400000e+01	3.500000e+01	2.351885e-01	2.054852e-02	2.054852e-02
3.500000e+01	3.600000e+01	2.728905e-01	2.213434e-02	2.213434e-02
3.600000e+01	3.700000e+01	2.333932e-01	2.046994e-02	2.046994e-02
3.700000e+01	3.800000e+01	2.585278e-01	2.154399e-02	2.154399e-02
3.800000e+01	3.900000e+01	2.405745e-01	2.078247e-02	2.078247e-02
3.900000e+01	4.000000e+01	4.847397e-02	9.328819e-03	9.328819e-03
4.000000e+01	4.100000e+01	4.889976e-03	3.457735e-03	3.457735e-03
4.100000e+01	4.200000e+01	3.422983e-02	9.148306e-03	9.148306e-03
4.200000e+01	4.300000e+01	1.100244e-01	1.640148e-02	1.640148e-02
4.300000e+01	4.400000e+01	1.540342e-01	1.940649e-02	1.940649e-02
4.400000e+01	4.500000e+01	2.567237e-01	2.505367e-02	2.505367e-02
4.500000e+01	4.600000e+01	2.102689e-01	2.267388e-02	2.267388e-02
4.600000e+01	4.700000e+01	2.616137e-01	2.529115e-02	2.529115e-02
4.700000e+01	4.800000e+01	2.713936e-01	2.575954e-02	2.575954e-02
4.800000e+01	4.900000e+01	1.784841e-01	2.088999e-02	2.088999e-02
4.900000e+01	5.000000e+01	6.601467e-02	1.270453e-02	1.270453e-02
5.000000e+01	5.100000e+01	3.802281e-03	3.802281e-03	3.802281e-03
5.100000e+01	5.200000e+01	1.901141e-02	8.502160e-03	8.502160e-03
5.200000e+01	5.300000e+01	1.102662e-01	2.047591e-02	2.047591e-02
5.300000e+01	5.400000e+01	1.787072e-01	2.606713e-02	2.606713e-02
5.400000e+01	5.500000e+01	1.977186e-01	2.741864e-02	2.741864e-02
5.500000e+01	5.600000e+01	2.889734e-01	3.314752e-02	3.314752e-02
5.600000e+01	5.700000e+01	2.547529e-01	3.112301e-02	3.112301e-02
5.700000e+01	5.800000e+01	2.585551e-01	3.135442e-02	3.135442e-02
5.800000e+01	5.900000e+01	1.863118e-01	2.661597e-02	2.661597e-02
5.900000e+01	6.000000e+01	3.041825e-02	1.075447e-02	1.075447e-02
6.000000e+01	6.100000e+01	0.000000e+00	0.000000e+00	0.000000e+00
6.100000e+01	6.200000e+01	3.680982e-02	1.502754e-02	1.502754e-02
6.200000e+01	6.300000e+01	1.349693e-01	2.877556e-02	2.877556e-02
6.300000e+01	6.400000e+01	1.717791e-01	3.246321e-02	3.246321e-02
6.400000e+01	6.500000e+01	2.453988e-01	3.880095e-02	3.880095e-02
6.500000e+01	6.600000e+01	2.208589e-01	3.680982e-02	3.680982e-02
6.600000e+01	6.700000e+01	2.883436e-01	4.205923e-02	4.205923e-02
6.700000e+01	6.800000e+01	2.453988e-01	3.880095e-02	3.880095e-02
6.800000e+01	6.900000e+01	2.944785e-01	4.250432e-02	4.250432e-02
6.900000e+01	7.000000e+01	2.453988e-02	1.226994e-02	1.226994e-02
7.000000e+01	7.100000e+01	1.242236e-02	8.783935e-03	8.783935e-03
7.100000e+01	7.200000e+01	2.484472e-02	1.242236e-02	1.242236e-02
7.200000e+01	7.300000e+01	9.316770e-02	2.405580e-02	2.405580e-02
7.300000e+01	7.400000e+01	1.304348e-01	2.846320e-02	2.846320e-02
7.400000e+01	7.500000e+01	2.173913e-01	3.674584e-02	3.674584e-02
7.500000e+01	7.600000e+01	3.229814e-01	4.478945e-02	4.478945e-02
7.600000e+01	7.700000e+01	2.049689e-01	3.568051e-02	3.568051e-02
7.700000e+01	7.800000e+01	2.546584e-01	3.977096e-02	3.977096e-02
7.800000e+01	7.900000e+01	1.428571e-01	2.978777e-02	2.978777e-02
7.900000e+01	8.000000e+01	4.347826e-02	1.643324e-02	1.643324e-02
8.000000e+01	8.100000e+01	9.146341e-03	5.280643e-03	5.280643e-03
8.100000e+01	8.200000e+01	7.317073e-02	1.493591e-02	1.493591e-02
8.200000e+01	8.300000e+01	1.371951e-01	2.045184e-02	2.045184e-02
8.300000e+01	8.400000e+01	1.676829e-01	2.261036e-02	2.261036e-02
8.400000e+01	8.500000e+01	2.408537e-01	2.709815e-02	2.709815e-02
8.500000e+01	8.600000e+01	2.530488e-01	2.777571e-02	2.777571e-02
8.600000e+01	8.700000e+01	2.774390e-01	2.908351e-02	2.908351e-02
8.700000e+01	8.800000e+01	2.286585e-01	2.640321e-02	2.640321e-02
8.800000e+01	8.900000e+01	1.676829e-01	2.261036e-02	2.261036e-02
8.900000e+01	9.000000e+01	4.268293e-02	1.140749e-02	1.140749e-02
# END HISTO1D


# BEGIN HISTO1D //Users/jenniferroloff/Work/tuningStudies/monash_tune.yoda/SoftDropMass/d06-x01-y01
LineColor=green
LineStyle=solid
LineWidth=0.06
Path=//Users/jenniferroloff/Work/tuningStudies/monash_tune.yoda/SoftDropMass/d06-x01-y01
Title=MONASH
# xlow	 xhigh	 val	 errminus	 errplus
0.000000e+00	1.000000e+00	7.917656e-04	2.799314e-04	2.799314e-04
1.000000e+00	2.000000e+00	7.323832e-03	8.513782e-04	8.513782e-04
2.000000e+00	3.000000e+00	4.423990e-02	2.092476e-03	2.092476e-03
3.000000e+00	4.000000e+00	1.250990e-01	3.518683e-03	3.518683e-03
4.000000e+00	5.000000e+00	2.031869e-01	4.484367e-03	4.484367e-03
5.000000e+00	6.000000e+00	2.498021e-01	4.972232e-03	4.972232e-03
6.000000e+00	7.000000e+00	2.731591e-01	5.199495e-03	5.199495e-03
7.000000e+00	8.000000e+00	2.738519e-01	5.206085e-03	5.206085e-03
8.000000e+00	9.000000e+00	2.124901e-01	4.585881e-03	4.585881e-03
9.000000e+00	1.000000e+01	4.988124e-02	2.221887e-03	2.221887e-03
1.000000e+01	1.100000e+01	1.095976e-03	4.142400e-04	4.142400e-04
1.100000e+01	1.200000e+01	9.080946e-03	1.192387e-03	1.192387e-03
1.200000e+01	1.300000e+01	4.963207e-02	2.787615e-03	2.787615e-03
1.300000e+01	1.400000e+01	1.265070e-01	4.450500e-03	4.450500e-03
1.400000e+01	1.500000e+01	2.137154e-01	5.784548e-03	5.784548e-03
1.500000e+01	1.600000e+01	2.603726e-01	6.384828e-03	6.384828e-03
1.600000e+01	1.700000e+01	2.588070e-01	6.365602e-03	6.365602e-03
1.700000e+01	1.800000e+01	2.671051e-01	6.466847e-03	6.466847e-03
1.800000e+01	1.900000e+01	2.052607e-01	5.668973e-03	5.668973e-03
1.900000e+01	2.000000e+01	5.151088e-02	2.839887e-03	2.839887e-03
2.000000e+01	2.100000e+01	1.845018e-03	6.523125e-04	6.523125e-04
2.100000e+01	2.200000e+01	1.130074e-02	1.614391e-03	1.614391e-03
2.200000e+01	2.300000e+01	5.235240e-02	3.474750e-03	3.474750e-03
2.300000e+01	2.400000e+01	1.381458e-01	5.644482e-03	5.644482e-03
2.400000e+01	2.500000e+01	2.195572e-01	7.115889e-03	7.115889e-03
2.500000e+01	2.600000e+01	2.523063e-01	7.628153e-03	7.628153e-03
2.600000e+01	2.700000e+01	2.566882e-01	7.694109e-03	7.694109e-03
2.700000e+01	2.800000e+01	2.714483e-01	7.912231e-03	7.912231e-03
2.800000e+01	2.900000e+01	1.907288e-01	6.632290e-03	6.632290e-03
2.900000e+01	3.000000e+01	4.520295e-02	3.228783e-03	3.228783e-03
3.000000e+01	3.100000e+01	1.778094e-03	7.951878e-04	7.951878e-04
3.100000e+01	3.200000e+01	1.315789e-02	2.163144e-03	2.163144e-03
3.200000e+01	3.300000e+01	7.219061e-02	5.066788e-03	5.066788e-03
3.300000e+01	3.400000e+01	1.507824e-01	7.322639e-03	7.322639e-03
3.400000e+01	3.500000e+01	2.162162e-01	8.768726e-03	8.768726e-03
3.500000e+01	3.600000e+01	2.592461e-01	9.601707e-03	9.601707e-03
3.600000e+01	3.700000e+01	2.596017e-01	9.608290e-03	9.608290e-03
3.700000e+01	3.800000e+01	2.649360e-01	9.706503e-03	9.706503e-03
3.800000e+01	3.900000e+01	2.051920e-01	8.542256e-03	8.542256e-03
3.900000e+01	4.000000e+01	5.654339e-02	4.484182e-03	4.484182e-03
4.000000e+01	4.100000e+01	5.534034e-04	5.534035e-04	5.534035e-04
4.100000e+01	4.200000e+01	1.936912e-02	3.273979e-03	3.273979e-03
4.200000e+01	4.300000e+01	7.747648e-02	6.547958e-03	6.547958e-03
4.300000e+01	4.400000e+01	1.588268e-01	9.375249e-03	9.375249e-03
4.400000e+01	4.500000e+01	2.252352e-01	1.116449e-02	1.116449e-02
4.500000e+01	4.600000e+01	2.523520e-01	1.181746e-02	1.181746e-02
4.600000e+01	4.700000e+01	2.656336e-01	1.212446e-02	1.212446e-02
4.700000e+01	4.800000e+01	2.567792e-01	1.192068e-02	1.192068e-02
4.800000e+01	4.900000e+01	1.936912e-01	1.035323e-02	1.035323e-02
4.900000e+01	5.000000e+01	5.035971e-02	5.279133e-03	5.279133e-03
5.000000e+01	5.100000e+01	1.605136e-03	1.135003e-03	1.135003e-03
5.100000e+01	5.200000e+01	2.487961e-02	4.468511e-03	4.468511e-03
5.200000e+01	5.300000e+01	8.186196e-02	8.105542e-03	8.105542e-03
5.300000e+01	5.400000e+01	1.781701e-01	1.195800e-02	1.195800e-02
5.400000e+01	5.500000e+01	2.359551e-01	1.376118e-02	1.376118e-02
5.500000e+01	5.600000e+01	2.415730e-01	1.392404e-02	1.392404e-02
5.600000e+01	5.700000e+01	2.656501e-01	1.460145e-02	1.460145e-02
5.700000e+01	5.800000e+01	2.568218e-01	1.435678e-02	1.435678e-02
5.800000e+01	5.900000e+01	1.861958e-01	1.222436e-02	1.222436e-02
5.900000e+01	6.000000e+01	4.574639e-02	6.059257e-03	6.059257e-03
6.000000e+01	6.100000e+01	2.383790e-03	1.685594e-03	1.685594e-03
6.100000e+01	6.200000e+01	2.145411e-02	5.056783e-03	5.056783e-03
6.200000e+01	6.300000e+01	1.168057e-01	1.179916e-02	1.179916e-02
6.300000e+01	6.400000e+01	1.787843e-01	1.459767e-02	1.459767e-02
6.400000e+01	6.500000e+01	2.348033e-01	1.672905e-02	1.672905e-02
6.500000e+01	6.600000e+01	2.359952e-01	1.677145e-02	1.677145e-02
6.600000e+01	6.700000e+01	2.741359e-01	1.807598e-02	1.807598e-02
6.700000e+01	6.800000e+01	2.550656e-01	1.743592e-02	1.743592e-02
6.800000e+01	6.900000e+01	1.728248e-01	1.435232e-02	1.435232e-02
6.900000e+01	7.000000e+01	4.529201e-02	7.347335e-03	7.347335e-03
7.000000e+01	7.100000e+01	3.430532e-03	2.425752e-03	2.425752e-03
7.100000e+01	7.200000e+01	4.459691e-02	8.746174e-03	8.746174e-03
7.200000e+01	7.300000e+01	6.861063e-02	1.084829e-02	1.084829e-02
7.300000e+01	7.400000e+01	2.058319e-01	1.878980e-02	1.878980e-02
7.400000e+01	7.500000e+01	2.590051e-01	2.107754e-02	2.107754e-02
7.500000e+01	7.600000e+01	2.144082e-01	1.917725e-02	1.917725e-02
7.600000e+01	7.700000e+01	2.572899e-01	2.100763e-02	2.100763e-02
7.700000e+01	7.800000e+01	2.692967e-01	2.149222e-02	2.149222e-02
7.800000e+01	7.900000e+01	1.818182e-01	1.765974e-02	1.765974e-02
7.900000e+01	8.000000e+01	3.602058e-02	7.860336e-03	7.860336e-03
8.000000e+01	8.100000e+01	5.333333e-03	1.885618e-03	1.885618e-03
8.100000e+01	8.200000e+01	4.200000e-02	5.291503e-03	5.291503e-03
8.200000e+01	8.300000e+01	1.373333e-01	9.568467e-03	9.568467e-03
8.300000e+01	8.400000e+01	2.020000e-01	1.160460e-02	1.160460e-02
8.400000e+01	8.500000e+01	2.386667e-01	1.261392e-02	1.261392e-02
8.500000e+01	8.600000e+01	2.620000e-01	1.321615e-02	1.321615e-02
8.600000e+01	8.700000e+01	2.546667e-01	1.302988e-02	1.302988e-02
8.700000e+01	8.800000e+01	2.446667e-01	1.277150e-02	1.277150e-02
8.800000e+01	8.900000e+01	1.960000e-01	1.143095e-02	1.143095e-02
8.900000e+01	9.000000e+01	3.866667e-02	5.077182e-03	5.077182e-03
# END HISTO1D


# BEGIN HISTO1D //Users/jenniferroloff/Work/tuningStudies/ATLAS_tune.yoda/SoftDropMass/d06-x01-y01
LineColor=orange
LineStyle=dashdotted
LineWidth=0.06
Path=//Users/jenniferroloff/Work/tuningStudies/ATLAS_tune.yoda/SoftDropMass/d06-x01-y01
Title=ATLAS
# xlow	 xhigh	 val	 errminus	 errplus
0.000000e+00	1.000000e+00	2.283568e-03	3.404143e-04	3.404143e-04
1.000000e+00	2.000000e+00	1.151933e-02	7.645650e-04	7.645650e-04
2.000000e+00	3.000000e+00	5.587131e-02	1.683818e-03	1.683818e-03
3.000000e+00	4.000000e+00	1.491424e-01	2.751068e-03	2.751068e-03
4.000000e+00	5.000000e+00	2.257181e-01	3.384417e-03	3.384417e-03
5.000000e+00	6.000000e+00	2.588044e-01	3.623987e-03	3.623987e-03
6.000000e+00	7.000000e+00	2.561656e-01	3.605464e-03	3.605464e-03
7.000000e+00	8.000000e+00	2.593119e-01	3.627538e-03	3.627538e-03
8.000000e+00	9.000000e+00	2.033391e-01	3.212264e-03	3.212264e-03
9.000000e+00	1.000000e+01	4.820867e-02	1.564096e-03	1.564096e-03
1.000000e+01	1.100000e+01	1.200768e-03	3.100371e-04	3.100371e-04
1.100000e+01	1.200000e+01	1.496958e-02	1.094684e-03	1.094684e-03
1.200000e+01	1.300000e+01	7.076529e-02	2.380094e-03	2.380094e-03
1.300000e+01	1.400000e+01	1.579411e-01	3.555753e-03	3.555753e-03
1.400000e+01	1.500000e+01	2.276657e-01	4.269065e-03	4.269065e-03
1.500000e+01	1.600000e+01	2.531220e-01	4.501414e-03	4.501414e-03
1.600000e+01	1.700000e+01	2.615274e-01	4.575543e-03	4.575543e-03
1.700000e+01	1.800000e+01	2.576849e-01	4.541806e-03	4.541806e-03
1.800000e+01	1.900000e+01	1.873999e-01	3.873190e-03	3.873190e-03
1.900000e+01	2.000000e+01	4.658982e-02	1.931210e-03	1.931210e-03
2.000000e+01	2.100000e+01	2.992892e-03	6.109215e-04	6.109215e-04
2.100000e+01	2.200000e+01	1.833146e-02	1.511954e-03	1.511954e-03
2.200000e+01	2.300000e+01	8.143160e-02	3.186664e-03	3.186664e-03
2.300000e+01	2.400000e+01	1.742112e-01	4.660988e-03	4.660988e-03
2.400000e+01	2.500000e+01	2.376855e-01	5.444290e-03	5.444290e-03
2.500000e+01	2.600000e+01	2.582616e-01	5.675052e-03	5.675052e-03
2.600000e+01	2.700000e+01	2.560170e-01	5.650336e-03	5.650336e-03
2.700000e+01	2.800000e+01	2.480359e-01	5.561567e-03	5.561567e-03
2.800000e+01	2.900000e+01	1.894251e-01	4.860251e-03	4.860251e-03
2.900000e+01	3.000000e+01	4.576631e-02	2.388982e-03	2.388982e-03
3.000000e+01	3.100000e+01	3.392386e-03	7.995930e-04	7.995930e-04
3.100000e+01	3.200000e+01	1.922352e-02	1.903412e-03	1.903412e-03
3.200000e+01	3.300000e+01	9.272522e-02	4.180376e-03	4.180376e-03
3.300000e+01	3.400000e+01	1.735771e-01	5.719559e-03	5.719559e-03
3.400000e+01	3.500000e+01	2.448172e-01	6.792620e-03	6.792620e-03
3.500000e+01	3.600000e+01	2.500942e-01	6.865437e-03	6.865437e-03
3.600000e+01	3.700000e+01	2.523558e-01	6.896409e-03	6.896409e-03
3.700000e+01	3.800000e+01	2.527328e-01	6.901558e-03	6.901558e-03
3.800000e+01	3.900000e+01	1.756502e-01	5.753614e-03	5.753614e-03
3.900000e+01	4.000000e+01	4.900113e-02	3.038921e-03	3.038921e-03
4.000000e+01	4.100000e+01	1.142204e-03	5.711023e-04	5.711023e-04
4.100000e+01	4.200000e+01	2.341519e-02	2.585775e-03	2.585775e-03
4.200000e+01	4.300000e+01	1.053684e-01	5.485258e-03	5.485258e-03
4.300000e+01	4.400000e+01	1.853227e-01	7.274552e-03	7.274552e-03
4.400000e+01	4.500000e+01	2.398629e-01	8.276058e-03	8.276058e-03
4.500000e+01	4.600000e+01	2.427184e-01	8.325174e-03	8.325174e-03
4.600000e+01	4.700000e+01	2.592804e-01	8.604523e-03	8.604523e-03
4.700000e+01	4.800000e+01	2.581382e-01	8.585549e-03	8.585549e-03
4.800000e+01	4.900000e+01	1.990291e-01	7.538766e-03	7.538766e-03
4.900000e+01	5.000000e+01	5.168475e-02	3.841698e-03	3.841698e-03
5.000000e+01	5.100000e+01	4.344049e-03	1.373709e-03	1.373709e-03
5.100000e+01	5.200000e+01	3.475239e-02	3.885436e-03	3.885436e-03
5.200000e+01	5.300000e+01	1.168549e-01	7.124769e-03	7.124769e-03
5.300000e+01	5.400000e+01	2.076455e-01	9.497485e-03	9.497485e-03
5.400000e+01	5.500000e+01	2.376195e-01	1.015988e-02	1.015988e-02
5.500000e+01	5.600000e+01	2.441355e-01	1.029824e-02	1.029824e-02
5.600000e+01	5.700000e+01	2.589053e-01	1.060517e-02	1.060517e-02
5.700000e+01	5.800000e+01	2.593397e-01	1.061407e-02	1.061407e-02
5.800000e+01	5.900000e+01	2.024327e-01	9.377512e-03	9.377512e-03
5.900000e+01	6.000000e+01	4.213727e-02	4.278392e-03	4.278392e-03
6.000000e+01	6.100000e+01	6.082725e-03	1.923526e-03	1.923526e-03
6.100000e+01	6.200000e+01	3.467153e-02	4.592357e-03	4.592357e-03
6.200000e+01	6.300000e+01	1.113139e-01	8.228558e-03	8.228558e-03
6.300000e+01	6.400000e+01	2.080292e-01	1.124893e-02	1.124893e-02
6.400000e+01	6.500000e+01	2.262774e-01	1.173194e-02	1.173194e-02
6.500000e+01	6.600000e+01	2.627737e-01	1.264271e-02	1.264271e-02
6.600000e+01	6.700000e+01	2.621655e-01	1.262806e-02	1.262806e-02
6.700000e+01	6.800000e+01	2.487835e-01	1.230155e-02	1.230155e-02
6.800000e+01	6.900000e+01	1.836983e-01	1.057065e-02	1.057065e-02
6.900000e+01	7.000000e+01	4.927007e-02	5.474452e-03	5.474452e-03
7.000000e+01	7.100000e+01	6.289308e-03	2.377135e-03	2.377135e-03
7.100000e+01	7.200000e+01	4.941599e-02	6.663251e-03	6.663251e-03
7.200000e+01	7.300000e+01	1.338724e-01	1.096726e-02	1.096726e-02
7.300000e+01	7.400000e+01	2.120395e-01	1.380260e-02	1.380260e-02
7.400000e+01	7.500000e+01	2.300090e-01	1.437556e-02	1.437556e-02
7.500000e+01	7.600000e+01	2.587601e-01	1.524759e-02	1.524759e-02
7.600000e+01	7.700000e+01	2.578616e-01	1.522109e-02	1.522109e-02
7.700000e+01	7.800000e+01	2.533693e-01	1.508792e-02	1.508792e-02
7.800000e+01	7.900000e+01	1.832884e-01	1.283275e-02	1.283275e-02
7.900000e+01	8.000000e+01	4.132974e-02	6.093738e-03	6.093738e-03
8.000000e+01	8.100000e+01	1.102573e-02	1.919333e-03	1.919333e-03
8.100000e+01	8.200000e+01	5.613097e-02	4.330598e-03	4.330598e-03
8.200000e+01	8.300000e+01	1.767457e-01	7.684598e-03	7.684598e-03
8.300000e+01	8.400000e+01	2.295356e-01	8.757329e-03	8.757329e-03
8.400000e+01	8.500000e+01	2.649516e-01	9.408706e-03	9.408706e-03
8.500000e+01	8.600000e+01	2.375543e-01	8.908982e-03	8.908982e-03
8.600000e+01	8.700000e+01	2.512529e-01	9.162251e-03	9.162251e-03
8.700000e+01	8.800000e+01	2.462412e-01	9.070412e-03	9.070412e-03
8.800000e+01	8.900000e+01	1.620448e-01	7.358074e-03	7.358074e-03
8.900000e+01	9.000000e+01	4.076178e-02	3.690398e-03	3.690398e-03
# END HISTO1D

