# BEGIN PLOT
LegendOnly=/SoftDropMass/d05-x01-y01 //Users/jenniferroloff/Work/tuningStudies/SoftDropMassInclPt_tune.yoda/SoftDropMass/d05-x01-y01 //Users/jenniferroloff/Work/tuningStudies/SoftDropMassPtBin_tune.yoda/SoftDropMass/d05-x01-y01
DrawOnly=/SoftDropMass/d05-x01-y01 //Users/jenniferroloff/Work/tuningStudies/SoftDropMassInclPt_tune.yoda/SoftDropMass/d05-x01-y01 //Users/jenniferroloff/Work/tuningStudies/SoftDropMassPtBin_tune.yoda/SoftDropMass/d05-x01-y01
RatioPlotReference=/SoftDropMass/d05-x01-y01
RatioPlot=1
LogY=1
Legend=1
# END PLOT

# BEGIN HISTO1D /SoftDropMass/d05-x01-y01
ConnectBins=0
ErrorBars=1
IsRef=1
Path=/SoftDropMass/d05-x01-y01
PolyMarker=*
Title=Data
# xlow	 xhigh	 val	 errminus	 errplus
0.000000e+00	1.000000e+00	1.332430e-02	1.082343e-03	1.082343e-03
1.000000e+00	2.000000e+00	6.560880e-02	6.410478e-03	6.410478e-03
2.000000e+00	3.000000e+00	1.524230e-01	1.799011e-02	1.799011e-02
3.000000e+00	4.000000e+00	2.141410e-01	1.042807e-02	1.042807e-02
4.000000e+00	5.000000e+00	2.392370e-01	6.346776e-03	6.346776e-03
5.000000e+00	6.000000e+00	2.360980e-01	1.160758e-02	1.160758e-02
6.000000e+00	7.000000e+00	2.482770e-01	9.149610e-03	9.149610e-03
7.000000e+00	8.000000e+00	2.763880e-01	1.556635e-02	1.556635e-02
8.000000e+00	9.000000e+00	2.358310e-01	1.654809e-02	1.654809e-02
9.000000e+00	1.000000e+01	5.619680e-02	4.926852e-03	4.926852e-03
1.000000e+01	1.100000e+01	1.719550e-02	1.391948e-03	1.391948e-03
1.100000e+01	1.200000e+01	7.707750e-02	9.845454e-03	9.845454e-03
1.200000e+01	1.300000e+01	1.671330e-01	2.095693e-02	2.095693e-02
1.300000e+01	1.400000e+01	2.258270e-01	1.082111e-02	1.082111e-02
1.400000e+01	1.500000e+01	2.438770e-01	7.250471e-03	7.250471e-03
1.500000e+01	1.600000e+01	2.366430e-01	1.280277e-02	1.280277e-02
1.600000e+01	1.700000e+01	2.504020e-01	7.720426e-03	7.720426e-03
1.700000e+01	1.800000e+01	2.690780e-01	8.803562e-03	8.803562e-03
1.800000e+01	1.900000e+01	2.459850e-01	1.043686e-02	1.043686e-02
1.900000e+01	2.000000e+01	5.336970e-02	3.421227e-03	3.421227e-03
2.000000e+01	2.100000e+01	2.108640e-02	2.027237e-03	2.027237e-03
2.100000e+01	2.200000e+01	8.756740e-02	1.204287e-02	1.204287e-02
2.200000e+01	2.300000e+01	1.744510e-01	1.998027e-02	1.998027e-02
2.300000e+01	2.400000e+01	2.312150e-01	1.125538e-02	1.125538e-02
2.400000e+01	2.500000e+01	2.437300e-01	5.524824e-03	5.524824e-03
2.500000e+01	2.600000e+01	2.363330e-01	1.178652e-02	1.178652e-02
2.600000e+01	2.700000e+01	2.557080e-01	8.694021e-03	8.694021e-03
2.700000e+01	2.800000e+01	2.642290e-01	7.852521e-03	7.852521e-03
2.800000e+01	2.900000e+01	2.229940e-01	1.140482e-02	1.140482e-02
2.900000e+01	3.000000e+01	5.467390e-02	4.696919e-03	4.696919e-03
3.000000e+01	3.100000e+01	2.648950e-02	3.653119e-03	3.653119e-03
3.100000e+01	3.200000e+01	1.004820e-01	1.487910e-02	1.487910e-02
3.200000e+01	3.300000e+01	1.839550e-01	1.981743e-02	1.981743e-02
3.300000e+01	3.400000e+01	2.315410e-01	9.390536e-03	9.390536e-03
3.400000e+01	3.500000e+01	2.420520e-01	7.223536e-03	7.223536e-03
3.500000e+01	3.600000e+01	2.373880e-01	1.130859e-02	1.130859e-02
3.600000e+01	3.700000e+01	2.551670e-01	5.783196e-03	5.783196e-03
3.700000e+01	3.800000e+01	2.653930e-01	5.738017e-03	5.738017e-03
3.800000e+01	3.900000e+01	2.222130e-01	1.005575e-02	1.005575e-02
3.900000e+01	4.000000e+01	5.386070e-02	4.080493e-03	4.080493e-03
4.000000e+01	4.100000e+01	3.163090e-02	4.628186e-03	4.628186e-03
4.100000e+01	4.200000e+01	1.159020e-01	1.866044e-02	1.866044e-02
4.200000e+01	4.300000e+01	1.969620e-01	2.133292e-02	2.133292e-02
4.300000e+01	4.400000e+01	2.352010e-01	7.362277e-03	7.362277e-03
4.400000e+01	4.500000e+01	2.400480e-01	7.615637e-03	7.615637e-03
4.500000e+01	4.600000e+01	2.349390e-01	1.001646e-02	1.001646e-02
4.600000e+01	4.700000e+01	2.576570e-01	7.753977e-03	7.753977e-03
4.700000e+01	4.800000e+01	2.673550e-01	9.197959e-03	9.197959e-03
4.800000e+01	4.900000e+01	2.430290e-01	1.175424e-02	1.175424e-02
4.900000e+01	5.000000e+01	5.613930e-02	4.186536e-03	4.186536e-03
5.000000e+01	5.100000e+01	3.866460e-02	6.980523e-03	6.980523e-03
5.100000e+01	5.200000e+01	1.264900e-01	2.240444e-02	2.240444e-02
5.200000e+01	5.300000e+01	2.071130e-01	2.350288e-02	2.350288e-02
5.300000e+01	5.400000e+01	2.478420e-01	8.560312e-03	8.560312e-03
5.400000e+01	5.500000e+01	2.499840e-01	8.094014e-03	8.094014e-03
5.500000e+01	5.600000e+01	2.368260e-01	1.062543e-02	1.062543e-02
5.600000e+01	5.700000e+01	2.522370e-01	9.465709e-03	9.465709e-03
5.700000e+01	5.800000e+01	2.609540e-01	1.108028e-02	1.108028e-02
5.800000e+01	5.900000e+01	2.172150e-01	1.086294e-02	1.086294e-02
5.900000e+01	6.000000e+01	5.609140e-02	4.178933e-03	4.178933e-03
6.000000e+01	6.100000e+01	4.109000e-02	7.908584e-03	7.908584e-03
6.100000e+01	6.200000e+01	1.286440e-01	2.273153e-02	2.273153e-02
6.200000e+01	6.300000e+01	2.042920e-01	2.218236e-02	2.218236e-02
6.300000e+01	6.400000e+01	2.429720e-01	6.782044e-03	6.782044e-03
6.400000e+01	6.500000e+01	2.511420e-01	8.930986e-03	8.930986e-03
6.500000e+01	6.600000e+01	2.383200e-01	1.013903e-02	1.013903e-02
6.600000e+01	6.700000e+01	2.364140e-01	7.727392e-03	7.727392e-03
6.700000e+01	6.800000e+01	2.741240e-01	1.326879e-02	1.326879e-02
6.800000e+01	6.900000e+01	1.936070e-01	1.159585e-02	1.159585e-02
6.900000e+01	7.000000e+01	5.864830e-02	4.798920e-03	4.798920e-03
7.000000e+01	7.100000e+01	4.781610e-02	9.169574e-03	9.169574e-03
7.100000e+01	7.200000e+01	1.402280e-01	2.385306e-02	2.385306e-02
7.200000e+01	7.300000e+01	2.123670e-01	2.124472e-02	2.124472e-02
7.300000e+01	7.400000e+01	2.453480e-01	7.619797e-03	7.619797e-03
7.400000e+01	7.500000e+01	2.582530e-01	9.086262e-03	9.086262e-03
7.500000e+01	7.600000e+01	2.570850e-01	1.027476e-02	1.027476e-02
7.600000e+01	7.700000e+01	2.270670e-01	7.368156e-03	7.368156e-03
7.700000e+01	7.800000e+01	2.575950e-01	1.244404e-02	1.244404e-02
7.800000e+01	7.900000e+01	2.065150e-01	1.286779e-02	1.286779e-02
7.900000e+01	8.000000e+01	5.629180e-02	4.873678e-03	4.873678e-03
8.000000e+01	8.100000e+01	7.819490e-02	1.703426e-02	1.703426e-02
8.100000e+01	8.200000e+01	1.756190e-01	2.984496e-02	2.984496e-02
8.200000e+01	8.300000e+01	2.269410e-01	1.890821e-02	1.890821e-02
8.300000e+01	8.400000e+01	2.476700e-01	5.073926e-03	5.073926e-03
8.400000e+01	8.500000e+01	2.556090e-01	7.946348e-03	7.946348e-03
8.500000e+01	8.600000e+01	2.565730e-01	6.947399e-03	6.947399e-03
8.600000e+01	8.700000e+01	2.372480e-01	6.600676e-03	6.600676e-03
8.700000e+01	8.800000e+01	2.505700e-01	9.754280e-03	9.754280e-03
8.800000e+01	8.900000e+01	2.098050e-01	1.025964e-02	1.025964e-02
8.900000e+01	9.000000e+01	3.839030e-02	2.561906e-03	2.561906e-03
# END HISTO1D


# BEGIN HISTO1D //Users/jenniferroloff/Work/tuningStudies/SoftDropMassInclPt_tune.yoda/SoftDropMass/d05-x01-y01
LineColor=red
LineStyle=dashed
LineWidth=0.06
Path=//Users/jenniferroloff/Work/tuningStudies/SoftDropMassInclPt_tune.yoda/SoftDropMass/d05-x01-y01
Title=Mass only, incl. pT
# xlow	 xhigh	 val	 errminus	 errplus
0.000000e+00	1.000000e+00	1.156745e-02	8.220627e-04	8.220627e-04
1.000000e+00	2.000000e+00	6.373780e-02	1.929677e-03	1.929677e-03
2.000000e+00	3.000000e+00	1.500263e-01	2.960533e-03	2.960533e-03
3.000000e+00	4.000000e+00	2.064614e-01	3.473007e-03	3.473007e-03
4.000000e+00	5.000000e+00	2.362564e-01	3.715164e-03	3.715164e-03
5.000000e+00	6.000000e+00	2.464217e-01	3.794247e-03	3.794247e-03
6.000000e+00	7.000000e+00	2.516796e-01	3.834513e-03	3.834513e-03
7.000000e+00	8.000000e+00	2.656423e-01	3.939443e-03	3.939443e-03
8.000000e+00	9.000000e+00	2.290705e-01	3.658228e-03	3.658228e-03
9.000000e+00	1.000000e+01	6.105042e-02	1.888559e-03	1.888559e-03
1.000000e+01	1.100000e+01	1.804468e-02	1.312557e-03	1.312557e-03
1.100000e+01	1.200000e+01	7.628413e-02	2.698739e-03	2.698739e-03
1.200000e+01	1.300000e+01	1.617338e-01	3.929562e-03	3.929562e-03
1.300000e+01	1.400000e+01	2.170136e-01	4.551841e-03	4.551841e-03
1.400000e+01	1.500000e+01	2.407867e-01	4.794684e-03	4.794684e-03
1.500000e+01	1.600000e+01	2.460378e-01	4.846683e-03	4.846683e-03
1.600000e+01	1.700000e+01	2.465152e-01	4.851383e-03	4.851383e-03
1.700000e+01	1.800000e+01	2.666603e-01	5.045717e-03	5.045717e-03
1.800000e+01	1.900000e+01	2.331487e-01	4.718025e-03	4.718025e-03
1.900000e+01	2.000000e+01	6.587741e-02	2.507910e-03	2.507910e-03
2.000000e+01	2.100000e+01	1.971326e-02	1.715819e-03	1.715819e-03
2.100000e+01	2.200000e+01	8.811231e-02	3.627527e-03	3.627527e-03
2.200000e+01	2.300000e+01	1.784648e-01	5.162600e-03	5.162600e-03
2.300000e+01	2.400000e+01	2.317802e-01	5.883428e-03	5.883428e-03
2.400000e+01	2.500000e+01	2.373059e-01	5.953145e-03	5.953145e-03
2.500000e+01	2.600000e+01	2.508961e-01	6.121237e-03	6.121237e-03
2.600000e+01	2.700000e+01	2.546296e-01	6.166614e-03	6.166614e-03
2.700000e+01	2.800000e+01	2.571685e-01	6.197280e-03	6.197280e-03
2.800000e+01	2.900000e+01	2.349164e-01	5.923098e-03	5.923098e-03
2.900000e+01	3.000000e+01	6.436679e-02	3.100439e-03	3.100439e-03
3.000000e+01	3.100000e+01	2.793550e-02	2.518859e-03	2.518859e-03
3.100000e+01	3.200000e+01	9.425392e-02	4.626743e-03	4.626743e-03
3.200000e+01	3.300000e+01	1.885078e-01	6.543203e-03	6.543203e-03
3.300000e+01	3.400000e+01	2.259823e-01	7.164120e-03	7.164120e-03
3.400000e+01	3.500000e+01	2.532364e-01	7.583833e-03	7.583833e-03
3.500000e+01	3.600000e+01	2.341585e-01	7.292571e-03	7.292571e-03
3.600000e+01	3.700000e+01	2.471042e-01	7.491448e-03	7.491448e-03
3.700000e+01	3.800000e+01	2.655008e-01	7.765306e-03	7.765306e-03
3.800000e+01	3.900000e+01	2.362026e-01	7.324331e-03	7.324331e-03
3.900000e+01	4.000000e+01	6.382012e-02	3.807189e-03	3.807189e-03
4.000000e+01	4.100000e+01	3.192204e-02	3.275132e-03	3.275132e-03
4.100000e+01	4.200000e+01	1.001344e-01	5.800630e-03	5.800630e-03
4.200000e+01	4.300000e+01	1.891801e-01	7.972991e-03	7.972991e-03
4.300000e+01	4.400000e+01	2.197581e-01	8.593221e-03	8.593221e-03
4.400000e+01	4.500000e+01	2.274866e-01	8.743019e-03	8.743019e-03
4.500000e+01	4.600000e+01	2.432796e-01	9.041414e-03	9.041414e-03
4.600000e+01	4.700000e+01	2.641129e-01	9.420596e-03	9.420596e-03
4.700000e+01	4.800000e+01	2.651210e-01	9.438557e-03	9.438557e-03
4.800000e+01	4.900000e+01	2.264785e-01	8.723625e-03	8.723625e-03
4.900000e+01	5.000000e+01	5.544355e-02	4.316274e-03	4.316274e-03
5.000000e+01	5.100000e+01	3.114013e-02	3.954801e-03	3.954801e-03
5.100000e+01	5.200000e+01	1.135108e-01	7.550626e-03	7.550626e-03
5.200000e+01	5.300000e+01	1.958815e-01	9.918844e-03	9.918844e-03
5.300000e+01	5.400000e+01	2.415871e-01	1.101543e-02	1.101543e-02
5.400000e+01	5.500000e+01	2.385736e-01	1.094651e-02	1.094651e-02
5.500000e+01	5.600000e+01	2.440984e-01	1.107253e-02	1.107253e-02
5.600000e+01	5.700000e+01	2.521346e-01	1.125332e-02	1.125332e-02
5.700000e+01	5.800000e+01	2.651934e-01	1.154106e-02	1.154106e-02
5.800000e+01	5.900000e+01	2.486188e-01	1.117458e-02	1.117458e-02
5.900000e+01	6.000000e+01	6.027122e-02	5.501984e-03	5.501984e-03
6.000000e+01	6.100000e+01	3.728814e-02	5.027931e-03	5.027931e-03
6.100000e+01	6.200000e+01	1.186441e-01	8.968649e-03	8.968649e-03
6.200000e+01	6.300000e+01	2.047458e-01	1.178180e-02	1.178180e-02
6.300000e+01	6.400000e+01	2.237288e-01	1.231587e-02	1.231587e-02
6.400000e+01	6.500000e+01	2.481356e-01	1.297025e-02	1.297025e-02
6.500000e+01	6.600000e+01	2.650847e-01	1.340591e-02	1.340591e-02
6.600000e+01	6.700000e+01	2.508475e-01	1.304094e-02	1.304094e-02
6.700000e+01	6.800000e+01	2.359322e-01	1.264729e-02	1.264729e-02
6.800000e+01	6.900000e+01	1.966102e-01	1.154535e-02	1.154535e-02
6.900000e+01	7.000000e+01	5.898305e-02	6.323647e-03	6.323647e-03
7.000000e+01	7.100000e+01	5.030181e-02	7.113750e-03	7.113750e-03
7.100000e+01	7.200000e+01	1.539235e-01	1.244398e-02	1.244398e-02
7.200000e+01	7.300000e+01	2.183099e-01	1.481984e-02	1.481984e-02
7.300000e+01	7.400000e+01	2.444668e-01	1.568255e-02	1.568255e-02
7.400000e+01	7.500000e+01	2.474849e-01	1.577906e-02	1.577906e-02
7.500000e+01	7.600000e+01	2.334004e-01	1.532349e-02	1.532349e-02
7.600000e+01	7.700000e+01	2.374245e-01	1.545502e-02	1.545502e-02
7.700000e+01	7.800000e+01	2.816901e-01	1.683421e-02	1.683421e-02
7.800000e+01	7.900000e+01	2.173038e-01	1.478565e-02	1.478565e-02
7.900000e+01	8.000000e+01	4.627767e-02	6.823270e-03	6.823270e-03
8.000000e+01	8.100000e+01	7.421875e-02	5.384394e-03	5.384394e-03
8.100000e+01	8.200000e+01	1.664063e-01	8.062409e-03	8.062409e-03
8.200000e+01	8.300000e+01	2.242188e-01	9.358710e-03	9.358710e-03
8.300000e+01	8.400000e+01	2.250000e-01	9.375000e-03	9.375000e-03
8.400000e+01	8.500000e+01	2.531250e-01	9.943689e-03	9.943689e-03
8.500000e+01	8.600000e+01	2.531250e-01	9.943689e-03	9.943689e-03
8.600000e+01	8.700000e+01	2.472656e-01	9.827926e-03	9.827926e-03
8.700000e+01	8.800000e+01	2.464844e-01	9.812388e-03	9.812388e-03
8.800000e+01	8.900000e+01	2.109375e-01	9.077305e-03	9.077305e-03
8.900000e+01	9.000000e+01	5.742188e-02	4.736076e-03	4.736076e-03
# END HISTO1D


# BEGIN HISTO1D //Users/jenniferroloff/Work/tuningStudies/SoftDropMassPtBin_tune.yoda/SoftDropMass/d05-x01-y01
LineColor=blue
LineStyle=dotted
LineWidth=0.06
Path=//Users/jenniferroloff/Work/tuningStudies/SoftDropMassPtBin_tune.yoda/SoftDropMass/d05-x01-y01
Title=Mass only, pt binned
# xlow	 xhigh	 val	 errminus	 errplus
0.000000e+00	1.000000e+00	1.475797e-02	2.087092e-03	2.087092e-03
1.000000e+00	2.000000e+00	6.818182e-02	4.486034e-03	4.486034e-03
2.000000e+00	3.000000e+00	1.369540e-01	6.357928e-03	6.357928e-03
3.000000e+00	4.000000e+00	2.086777e-01	7.848132e-03	7.848132e-03
4.000000e+00	5.000000e+00	2.361275e-01	8.348368e-03	8.348368e-03
5.000000e+00	6.000000e+00	2.476387e-01	8.549438e-03	8.549438e-03
6.000000e+00	7.000000e+00	2.426210e-01	8.462380e-03	8.462380e-03
7.000000e+00	8.000000e+00	2.736128e-01	8.986622e-03	8.986622e-03
8.000000e+00	9.000000e+00	2.405549e-01	8.426271e-03	8.426271e-03
9.000000e+00	1.000000e+01	6.345927e-02	4.327886e-03	4.327886e-03
1.000000e+01	1.100000e+01	1.547842e-02	2.694448e-03	2.694448e-03
1.100000e+01	1.200000e+01	8.677298e-02	6.379676e-03	6.379676e-03
1.200000e+01	1.300000e+01	1.604128e-01	8.674129e-03	8.674129e-03
1.300000e+01	1.400000e+01	2.166979e-01	1.008170e-02	1.008170e-02
1.400000e+01	1.500000e+01	2.509381e-01	1.084900e-02	1.084900e-02
1.500000e+01	1.600000e+01	2.340525e-01	1.047763e-02	1.047763e-02
1.600000e+01	1.700000e+01	2.542214e-01	1.091974e-02	1.091974e-02
1.700000e+01	1.800000e+01	2.607880e-01	1.105987e-02	1.105987e-02
1.800000e+01	1.900000e+01	2.002814e-01	9.692297e-03	9.692297e-03
1.900000e+01	2.000000e+01	6.754221e-02	5.628518e-03	5.628518e-03
2.000000e+01	2.100000e+01	2.481752e-02	4.256170e-03	4.256170e-03
2.100000e+01	2.200000e+01	8.613139e-02	7.929037e-03	7.929037e-03
2.200000e+01	2.300000e+01	1.664234e-01	1.102166e-02	1.102166e-02
2.300000e+01	2.400000e+01	2.036496e-01	1.219219e-02	1.219219e-02
2.400000e+01	2.500000e+01	2.328467e-01	1.303691e-02	1.303691e-02
2.500000e+01	2.600000e+01	2.416058e-01	1.327986e-02	1.327986e-02
2.600000e+01	2.700000e+01	2.562044e-01	1.367518e-02	1.367518e-02
2.700000e+01	2.800000e+01	2.693431e-01	1.402144e-02	1.402144e-02
2.800000e+01	2.900000e+01	2.270073e-01	1.287240e-02	1.287240e-02
2.900000e+01	3.000000e+01	5.985401e-02	6.609770e-03	6.609770e-03
3.000000e+01	3.100000e+01	2.527076e-02	5.514532e-03	5.514532e-03
3.100000e+01	3.200000e+01	1.167268e-01	1.185181e-02	1.185181e-02
3.200000e+01	3.300000e+01	1.961492e-01	1.536359e-02	1.536359e-02
3.300000e+01	3.400000e+01	2.539110e-01	1.747995e-02	1.747995e-02
3.400000e+01	3.500000e+01	2.310469e-01	1.667438e-02	1.667438e-02
3.500000e+01	3.600000e+01	2.490975e-01	1.731347e-02	1.731347e-02
3.600000e+01	3.700000e+01	2.647413e-01	1.784885e-02	1.784885e-02
3.700000e+01	3.800000e+01	2.551143e-01	1.752132e-02	1.752132e-02
3.800000e+01	3.900000e+01	2.599278e-01	1.768585e-02	1.768585e-02
3.900000e+01	4.000000e+01	8.784597e-02	1.028160e-02	1.028160e-02
4.000000e+01	4.100000e+01	3.722504e-02	7.936406e-03	7.936406e-03
4.100000e+01	4.200000e+01	1.116751e-01	1.374626e-02	1.374626e-02
4.200000e+01	4.300000e+01	2.284264e-01	1.965981e-02	1.965981e-02
4.300000e+01	4.400000e+01	2.402707e-01	2.016307e-02	2.016307e-02
4.400000e+01	4.500000e+01	2.791878e-01	2.173474e-02	2.173474e-02
4.500000e+01	4.600000e+01	2.182741e-01	1.921796e-02	1.921796e-02
4.600000e+01	4.700000e+01	2.487310e-01	2.051498e-02	2.051498e-02
4.700000e+01	4.800000e+01	2.538071e-01	2.072326e-02	2.072326e-02
4.800000e+01	4.900000e+01	2.301184e-01	1.973249e-02	1.973249e-02
4.900000e+01	5.000000e+01	6.091371e-02	1.015229e-02	1.015229e-02
5.000000e+01	5.100000e+01	4.838710e-02	1.140495e-02	1.140495e-02
5.100000e+01	5.200000e+01	1.290323e-01	1.862420e-02	1.862420e-02
5.200000e+01	5.300000e+01	2.500000e-01	2.592379e-02	2.592379e-02
5.300000e+01	5.400000e+01	2.150538e-01	2.404374e-02	2.404374e-02
5.400000e+01	5.500000e+01	2.392473e-01	2.536016e-02	2.536016e-02
5.500000e+01	5.600000e+01	2.634409e-01	2.661155e-02	2.661155e-02
5.600000e+01	5.700000e+01	2.526882e-01	2.606280e-02	2.606280e-02
5.700000e+01	5.800000e+01	2.446237e-01	2.564353e-02	2.564353e-02
5.800000e+01	5.900000e+01	2.634409e-01	2.661155e-02	2.661155e-02
5.900000e+01	6.000000e+01	5.107527e-02	1.171747e-02	1.171747e-02
6.000000e+01	6.100000e+01	5.761317e-02	1.539777e-02	1.539777e-02
6.100000e+01	6.200000e+01	1.316872e-01	2.327924e-02	2.327924e-02
6.200000e+01	6.300000e+01	2.304527e-01	3.079553e-02	3.079553e-02
6.300000e+01	6.400000e+01	2.633745e-01	3.292182e-02	3.292182e-02
6.400000e+01	6.500000e+01	2.139918e-01	2.967532e-02	2.967532e-02
6.500000e+01	6.600000e+01	2.551440e-01	3.240332e-02	3.240332e-02
6.600000e+01	6.700000e+01	2.345679e-01	3.106928e-02	3.106928e-02
6.700000e+01	6.800000e+01	2.962963e-01	3.491885e-02	3.491885e-02
6.800000e+01	6.900000e+01	2.181070e-01	2.995930e-02	2.995930e-02
6.900000e+01	7.000000e+01	5.349794e-02	1.483766e-02	1.483766e-02
7.000000e+01	7.100000e+01	7.253886e-02	1.938683e-02	1.938683e-02
7.100000e+01	7.200000e+01	1.968912e-01	3.193997e-02	3.193997e-02
7.200000e+01	7.300000e+01	1.709845e-01	2.976457e-02	2.976457e-02
7.300000e+01	7.400000e+01	2.487047e-01	3.589742e-02	3.589742e-02
7.400000e+01	7.500000e+01	2.590674e-01	3.663766e-02	3.663766e-02
7.500000e+01	7.600000e+01	2.020725e-01	3.235750e-02	3.235750e-02
7.600000e+01	7.700000e+01	2.797927e-01	3.807497e-02	3.807497e-02
7.700000e+01	7.800000e+01	2.590674e-01	3.663766e-02	3.663766e-02
7.800000e+01	7.900000e+01	1.709845e-01	2.976457e-02	2.976457e-02
7.900000e+01	8.000000e+01	5.699482e-02	1.718458e-02	1.718458e-02
8.000000e+01	8.100000e+01	8.128544e-02	1.239591e-02	1.239591e-02
8.100000e+01	8.200000e+01	1.644612e-01	1.763210e-02	1.763210e-02
8.200000e+01	8.300000e+01	2.022684e-01	1.955403e-02	1.955403e-02
8.300000e+01	8.400000e+01	2.249527e-01	2.062138e-02	2.062138e-02
8.400000e+01	8.500000e+01	2.211720e-01	2.044736e-02	2.044736e-02
8.500000e+01	8.600000e+01	3.081285e-01	2.413449e-02	2.413449e-02
8.600000e+01	8.700000e+01	2.476371e-01	2.163615e-02	2.163615e-02
8.700000e+01	8.800000e+01	2.230624e-01	2.053456e-02	2.053456e-02
8.800000e+01	8.900000e+01	1.587902e-01	1.732543e-02	1.732543e-02
8.900000e+01	9.000000e+01	5.293006e-02	1.000284e-02	1.000284e-02
# END HISTO1D

