# BEGIN PLOT
LegendOnly=/SoftDropMass/d06-x01-y01 //Users/jenniferroloff/Work/tuningStudies/SoftDropMassInclPt_tune.yoda/SoftDropMass/d06-x01-y01 //Users/jenniferroloff/Work/tuningStudies/SoftDropMassPtBin_tune.yoda/SoftDropMass/d06-x01-y01
DrawOnly=/SoftDropMass/d06-x01-y01 //Users/jenniferroloff/Work/tuningStudies/SoftDropMassInclPt_tune.yoda/SoftDropMass/d06-x01-y01 //Users/jenniferroloff/Work/tuningStudies/SoftDropMassPtBin_tune.yoda/SoftDropMass/d06-x01-y01
RatioPlotReference=/SoftDropMass/d06-x01-y01
RatioPlot=1
LogY=1
Legend=1
# END PLOT

# BEGIN HISTO1D /SoftDropMass/d06-x01-y01
ConnectBins=0
ErrorBars=1
IsRef=1
Path=/SoftDropMass/d06-x01-y01
PolyMarker=*
Title=Data
# xlow	 xhigh	 val	 errminus	 errplus
0.000000e+00	1.000000e+00	1.451020e-03	7.882910e-04	7.882910e-04
1.000000e+00	2.000000e+00	1.071270e-02	3.272191e-03	3.272191e-03
2.000000e+00	3.000000e+00	5.800300e-02	8.812056e-03	8.812056e-03
3.000000e+00	4.000000e+00	1.452040e-01	1.629867e-02	1.629867e-02
4.000000e+00	5.000000e+00	2.282400e-01	1.592383e-02	1.592383e-02
5.000000e+00	6.000000e+00	2.607350e-01	6.181668e-03	6.181668e-03
6.000000e+00	7.000000e+00	2.509770e-01	3.256076e-02	3.256076e-02
7.000000e+00	8.000000e+00	2.600480e-01	5.048659e-02	5.048659e-02
8.000000e+00	9.000000e+00	2.076820e-01	3.671640e-02	3.671640e-02
9.000000e+00	1.000000e+01	4.855830e-02	7.593570e-03	7.593570e-03
1.000000e+01	1.100000e+01	1.701470e-03	1.420534e-03	1.420534e-03
1.100000e+01	1.200000e+01	1.303100e-02	4.388875e-03	4.388875e-03
1.200000e+01	1.300000e+01	6.584180e-02	7.450886e-03	7.450886e-03
1.300000e+01	1.400000e+01	1.543540e-01	1.918052e-02	1.918052e-02
1.400000e+01	1.500000e+01	2.322490e-01	1.309749e-02	1.309749e-02
1.500000e+01	1.600000e+01	2.580480e-01	1.145924e-02	1.145924e-02
1.600000e+01	1.700000e+01	2.532390e-01	2.840945e-02	2.840945e-02
1.700000e+01	1.800000e+01	2.564630e-01	3.583305e-02	3.583305e-02
1.800000e+01	1.900000e+01	2.160430e-01	2.358462e-02	2.358462e-02
1.900000e+01	2.000000e+01	4.497230e-02	4.589910e-03	4.589910e-03
2.000000e+01	2.100000e+01	2.056070e-03	8.495899e-04	8.495899e-04
2.100000e+01	2.200000e+01	1.625990e-02	3.532864e-03	3.532864e-03
2.200000e+01	2.300000e+01	7.476760e-02	8.029084e-03	8.029084e-03
2.300000e+01	2.400000e+01	1.652030e-01	1.423096e-02	1.423096e-02
2.400000e+01	2.500000e+01	2.336510e-01	1.083591e-02	1.083591e-02
2.500000e+01	2.600000e+01	2.534420e-01	7.248500e-03	7.248500e-03
2.600000e+01	2.700000e+01	2.557160e-01	2.419191e-02	2.419191e-02
2.700000e+01	2.800000e+01	2.571910e-01	2.906411e-02	2.906411e-02
2.800000e+01	2.900000e+01	1.974650e-01	1.836495e-02	1.836495e-02
2.900000e+01	3.000000e+01	4.612460e-02	4.530762e-03	4.530762e-03
3.000000e+01	3.100000e+01	2.780840e-03	1.310385e-03	1.310385e-03
3.100000e+01	3.200000e+01	2.011460e-02	3.388850e-03	3.388850e-03
3.200000e+01	3.300000e+01	8.713480e-02	1.092323e-02	1.092323e-02
3.300000e+01	3.400000e+01	1.776640e-01	2.074160e-02	2.074160e-02
3.400000e+01	3.500000e+01	2.399340e-01	8.934288e-03	8.934288e-03
3.500000e+01	3.600000e+01	2.518430e-01	1.418693e-02	1.418693e-02
3.600000e+01	3.700000e+01	2.516430e-01	2.298751e-02	2.298751e-02
3.700000e+01	3.800000e+01	2.565800e-01	2.301286e-02	2.301286e-02
3.800000e+01	3.900000e+01	1.975050e-01	1.306735e-02	1.306735e-02
3.900000e+01	4.000000e+01	4.586020e-02	3.871779e-03	3.871779e-03
4.000000e+01	4.100000e+01	3.363920e-03	1.271215e-03	1.271215e-03
4.100000e+01	4.200000e+01	2.484960e-02	3.126590e-03	3.126590e-03
4.200000e+01	4.300000e+01	1.011310e-01	1.197961e-02	1.197961e-02
4.300000e+01	4.400000e+01	1.914850e-01	1.806736e-02	1.806736e-02
4.400000e+01	4.500000e+01	2.466870e-01	7.911684e-03	7.911684e-03
4.500000e+01	4.600000e+01	2.490170e-01	1.187303e-02	1.187303e-02
4.600000e+01	4.700000e+01	2.520100e-01	2.138633e-02	2.138633e-02
4.700000e+01	4.800000e+01	2.522850e-01	2.227329e-02	2.227329e-02
4.800000e+01	4.900000e+01	2.181970e-01	1.484489e-02	1.484489e-02
4.900000e+01	5.000000e+01	4.764540e-02	3.682651e-03	3.682651e-03
5.000000e+01	5.100000e+01	3.811130e-03	1.457701e-03	1.457701e-03
5.100000e+01	5.200000e+01	2.918450e-02	3.124059e-03	3.124059e-03
5.200000e+01	5.300000e+01	1.095020e-01	1.340178e-02	1.340178e-02
5.300000e+01	5.400000e+01	2.007790e-01	1.725864e-02	1.725864e-02
5.400000e+01	5.500000e+01	2.595980e-01	7.224288e-03	7.224288e-03
5.500000e+01	5.600000e+01	2.560670e-01	1.223389e-02	1.223389e-02
5.600000e+01	5.700000e+01	2.436480e-01	1.838010e-02	1.838010e-02
5.700000e+01	5.800000e+01	2.406870e-01	1.676567e-02	1.676567e-02
5.800000e+01	5.900000e+01	1.933920e-01	1.195982e-02	1.195982e-02
5.900000e+01	6.000000e+01	4.667260e-02	3.722685e-03	3.722685e-03
6.000000e+01	6.100000e+01	4.413400e-03	1.268990e-03	1.268990e-03
6.100000e+01	6.200000e+01	3.061960e-02	2.639325e-03	2.639325e-03
6.200000e+01	6.300000e+01	1.127680e-01	1.329487e-02	1.329487e-02
6.300000e+01	6.400000e+01	2.018120e-01	1.604639e-02	1.604639e-02
6.400000e+01	6.500000e+01	2.579360e-01	6.583117e-03	6.583117e-03
6.500000e+01	6.600000e+01	2.589620e-01	1.348991e-02	1.348991e-02
6.600000e+01	6.700000e+01	2.474050e-01	1.658657e-02	1.658657e-02
6.700000e+01	6.800000e+01	2.356970e-01	1.519333e-02	1.519333e-02
6.800000e+01	6.900000e+01	1.783890e-01	1.202554e-02	1.202554e-02
6.900000e+01	7.000000e+01	5.033090e-02	4.666089e-03	4.666089e-03
7.000000e+01	7.100000e+01	5.583320e-03	1.243267e-03	1.243267e-03
7.100000e+01	7.200000e+01	3.709650e-02	3.393921e-03	3.393921e-03
7.200000e+01	7.300000e+01	1.233910e-01	1.413413e-02	1.413413e-02
7.300000e+01	7.400000e+01	2.099080e-01	1.386994e-02	1.386994e-02
7.400000e+01	7.500000e+01	2.588650e-01	7.266487e-03	7.266487e-03
7.500000e+01	7.600000e+01	2.612550e-01	1.273858e-02	1.273858e-02
7.600000e+01	7.700000e+01	2.504530e-01	1.341395e-02	1.341395e-02
7.700000e+01	7.800000e+01	2.294280e-01	1.062977e-02	1.062977e-02
7.800000e+01	7.900000e+01	1.808650e-01	1.195040e-02	1.195040e-02
7.900000e+01	8.000000e+01	4.729000e-02	4.827826e-03	4.827826e-03
8.000000e+01	8.100000e+01	1.043100e-02	9.769873e-04	9.769873e-04
8.100000e+01	8.200000e+01	5.868170e-02	6.191277e-03	6.191277e-03
8.200000e+01	8.300000e+01	1.555600e-01	1.730443e-02	1.730443e-02
8.300000e+01	8.400000e+01	2.322070e-01	1.072048e-02	1.072048e-02
8.400000e+01	8.500000e+01	2.695850e-01	7.578822e-03	7.578822e-03
8.500000e+01	8.600000e+01	2.576150e-01	1.069442e-02	1.069442e-02
8.600000e+01	8.700000e+01	2.273400e-01	9.054248e-03	9.054248e-03
8.700000e+01	8.800000e+01	2.454610e-01	7.540339e-03	7.540339e-03
8.800000e+01	8.900000e+01	1.819030e-01	8.450925e-03	8.450925e-03
8.900000e+01	9.000000e+01	3.251530e-02	2.258698e-03	2.258698e-03
# END HISTO1D


# BEGIN HISTO1D //Users/jenniferroloff/Work/tuningStudies/SoftDropMassInclPt_tune.yoda/SoftDropMass/d06-x01-y01
LineColor=red
LineStyle=dashed
LineWidth=0.06
Path=//Users/jenniferroloff/Work/tuningStudies/SoftDropMassInclPt_tune.yoda/SoftDropMass/d06-x01-y01
Title=Mass only, incl. pT
# xlow	 xhigh	 val	 errminus	 errplus
0.000000e+00	1.000000e+00	1.282367e-03	2.514929e-04	2.514929e-04
1.000000e+00	2.000000e+00	1.001233e-02	7.027278e-04	7.027278e-04
2.000000e+00	3.000000e+00	5.080148e-02	1.582916e-03	1.582916e-03
3.000000e+00	4.000000e+00	1.360296e-01	2.590218e-03	2.590218e-03
4.000000e+00	5.000000e+00	2.090752e-01	3.211226e-03	3.211226e-03
5.000000e+00	6.000000e+00	2.586930e-01	3.572004e-03	3.572004e-03
6.000000e+00	7.000000e+00	2.610111e-01	3.587972e-03	3.587972e-03
7.000000e+00	8.000000e+00	2.712207e-01	3.657472e-03	3.657472e-03
8.000000e+00	9.000000e+00	2.052281e-01	3.181545e-03	3.181545e-03
9.000000e+00	1.000000e+01	5.208385e-02	1.602769e-03	1.602769e-03
1.000000e+01	1.100000e+01	1.359456e-03	3.297165e-04	3.297165e-04
1.100000e+01	1.200000e+01	1.151539e-02	9.596162e-04	9.596162e-04
1.200000e+01	1.300000e+01	6.341463e-02	2.251920e-03	2.251920e-03
1.300000e+01	1.400000e+01	1.468213e-01	3.426516e-03	3.426516e-03
1.400000e+01	1.500000e+01	2.233507e-01	4.226217e-03	4.226217e-03
1.500000e+01	1.600000e+01	2.509396e-01	4.479636e-03	4.479636e-03
1.600000e+01	1.700000e+01	2.588565e-01	4.549752e-03	4.549752e-03
1.700000e+01	1.800000e+01	2.668533e-01	4.619493e-03	4.619493e-03
1.800000e+01	1.900000e+01	2.068772e-01	4.067378e-03	4.067378e-03
1.900000e+01	2.000000e+01	5.549780e-02	2.106668e-03	2.106668e-03
2.000000e+01	2.100000e+01	1.610505e-03	4.466738e-04	4.466738e-04
2.100000e+01	2.200000e+01	1.449455e-02	1.340022e-03	1.340022e-03
2.200000e+01	2.300000e+01	6.987116e-02	2.942107e-03	2.942107e-03
2.300000e+01	2.400000e+01	1.657582e-01	4.531552e-03	4.531552e-03
2.400000e+01	2.500000e+01	2.280723e-01	5.315520e-03	5.315520e-03
2.500000e+01	2.600000e+01	2.527255e-01	5.595436e-03	5.595436e-03
2.600000e+01	2.700000e+01	2.612735e-01	5.689278e-03	5.689278e-03
2.700000e+01	2.800000e+01	2.579286e-01	5.652743e-03	5.652743e-03
2.800000e+01	2.900000e+01	2.051536e-01	5.041375e-03	5.041375e-03
2.900000e+01	3.000000e+01	5.364222e-02	2.577881e-03	2.577881e-03
3.000000e+01	3.100000e+01	2.999063e-03	7.497657e-04	7.497657e-04
3.100000e+01	3.200000e+01	1.893158e-02	1.883763e-03	1.883763e-03
3.200000e+01	3.300000e+01	7.853796e-02	3.836831e-03	3.836831e-03
3.300000e+01	3.400000e+01	1.617619e-01	5.506441e-03	5.506441e-03
3.400000e+01	3.500000e+01	2.414246e-01	6.727032e-03	6.727032e-03
3.500000e+01	3.600000e+01	2.434864e-01	6.755697e-03	6.755697e-03
3.600000e+01	3.700000e+01	2.517338e-01	6.869159e-03	6.869159e-03
3.700000e+01	3.800000e+01	2.633552e-01	7.025928e-03	7.025928e-03
3.800000e+01	3.900000e+01	2.029991e-01	6.168503e-03	6.168503e-03
3.900000e+01	4.000000e+01	5.323336e-02	3.158819e-03	3.158819e-03
4.000000e+01	4.100000e+01	3.052164e-03	9.202621e-04	9.202621e-04
4.100000e+01	4.200000e+01	1.831299e-02	2.254173e-03	2.254173e-03
4.200000e+01	4.300000e+01	8.490566e-02	4.853734e-03	4.853734e-03
4.300000e+01	4.400000e+01	1.628746e-01	6.722554e-03	6.722554e-03
4.400000e+01	4.500000e+01	2.325194e-01	8.032250e-03	8.032250e-03
4.500000e+01	4.600000e+01	2.475028e-01	8.287006e-03	8.287006e-03
4.600000e+01	4.700000e+01	2.586016e-01	8.470776e-03	8.470776e-03
4.700000e+01	4.800000e+01	2.613762e-01	8.516098e-03	8.516098e-03
4.800000e+01	4.900000e+01	1.950610e-01	7.356867e-03	7.356867e-03
4.900000e+01	5.000000e+01	4.633740e-02	3.585697e-03	3.585697e-03
5.000000e+01	5.100000e+01	1.679966e-03	8.399832e-04	8.399832e-04
5.100000e+01	5.200000e+01	2.267955e-02	3.086295e-03	3.086295e-03
5.200000e+01	5.300000e+01	1.087778e-01	6.759125e-03	6.759125e-03
5.300000e+01	5.400000e+01	1.843763e-01	8.799801e-03	8.799801e-03
5.400000e+01	5.500000e+01	2.335153e-01	9.903256e-03	9.903256e-03
5.500000e+01	5.600000e+01	2.435951e-01	1.011474e-02	1.011474e-02
5.600000e+01	5.700000e+01	2.624948e-01	1.049979e-02	1.049979e-02
5.700000e+01	5.800000e+01	2.603948e-01	1.045771e-02	1.045771e-02
5.800000e+01	5.900000e+01	2.179756e-01	9.568069e-03	9.568069e-03
5.900000e+01	6.000000e+01	5.039899e-02	4.600777e-03	4.600777e-03
6.000000e+01	6.100000e+01	5.107832e-03	1.702611e-03	1.702611e-03
6.100000e+01	6.200000e+01	2.270148e-02	3.589418e-03	3.589418e-03
6.200000e+01	6.300000e+01	1.157775e-01	8.106048e-03	8.106048e-03
6.300000e+01	6.400000e+01	1.872872e-01	1.030982e-02	1.030982e-02
6.400000e+01	6.500000e+01	2.491487e-01	1.189122e-02	1.189122e-02
6.500000e+01	6.600000e+01	2.502838e-01	1.191828e-02	1.191828e-02
6.600000e+01	6.700000e+01	2.610670e-01	1.217231e-02	1.217231e-02
6.700000e+01	6.800000e+01	2.395006e-01	1.165870e-02	1.165870e-02
6.800000e+01	6.900000e+01	1.696935e-01	9.813630e-03	9.813630e-03
6.900000e+01	7.000000e+01	5.051078e-02	5.354132e-03	5.354132e-03
7.000000e+01	7.100000e+01	4.132231e-03	1.847990e-03	1.847990e-03
7.100000e+01	7.200000e+01	3.801653e-02	5.605231e-03	5.605231e-03
7.200000e+01	7.300000e+01	1.305785e-01	1.038827e-02	1.038827e-02
7.300000e+01	7.400000e+01	1.966942e-01	1.274979e-02	1.274979e-02
7.400000e+01	7.500000e+01	2.396694e-01	1.407387e-02	1.407387e-02
7.500000e+01	7.600000e+01	2.338843e-01	1.390298e-02	1.390298e-02
7.600000e+01	7.700000e+01	2.413223e-01	1.412232e-02	1.412232e-02
7.700000e+01	7.800000e+01	2.851240e-01	1.535056e-02	1.535056e-02
7.800000e+01	7.900000e+01	1.859504e-01	1.239669e-02	1.239669e-02
7.900000e+01	8.000000e+01	3.884298e-02	5.665830e-03	5.665830e-03
8.000000e+01	8.100000e+01	7.779579e-03	1.588000e-03	1.588000e-03
8.100000e+01	8.200000e+01	5.024311e-02	4.035624e-03	4.035624e-03
8.200000e+01	8.300000e+01	1.461912e-01	6.883877e-03	6.883877e-03
8.300000e+01	8.400000e+01	2.068071e-01	8.187573e-03	8.187573e-03
8.400000e+01	8.500000e+01	2.538088e-01	9.070385e-03	9.070385e-03
8.500000e+01	8.600000e+01	2.521880e-01	9.041378e-03	9.041378e-03
8.600000e+01	8.700000e+01	2.534846e-01	9.064591e-03	9.064591e-03
8.700000e+01	8.800000e+01	2.405186e-01	8.829717e-03	8.829717e-03
8.800000e+01	8.900000e+01	1.824959e-01	7.691287e-03	7.691287e-03
8.900000e+01	9.000000e+01	4.764992e-02	3.930099e-03	3.930099e-03
# END HISTO1D


# BEGIN HISTO1D //Users/jenniferroloff/Work/tuningStudies/SoftDropMassPtBin_tune.yoda/SoftDropMass/d06-x01-y01
LineColor=blue
LineStyle=dotted
LineWidth=0.06
Path=//Users/jenniferroloff/Work/tuningStudies/SoftDropMassPtBin_tune.yoda/SoftDropMass/d06-x01-y01
Title=Mass only, pt binned
# xlow	 xhigh	 val	 errminus	 errplus
0.000000e+00	1.000000e+00	1.250313e-03	5.591568e-04	5.591568e-04
1.000000e+00	2.000000e+00	1.075269e-02	1.639769e-03	1.639769e-03
2.000000e+00	3.000000e+00	5.401350e-02	3.675153e-03	3.675153e-03
3.000000e+00	4.000000e+00	1.340335e-01	5.789366e-03	5.789366e-03
4.000000e+00	5.000000e+00	2.020505e-01	7.108112e-03	7.108112e-03
5.000000e+00	6.000000e+00	2.640660e-01	8.126070e-03	8.126070e-03
6.000000e+00	7.000000e+00	2.588147e-01	8.044865e-03	8.044865e-03
7.000000e+00	8.000000e+00	2.750688e-01	8.293636e-03	8.293636e-03
8.000000e+00	9.000000e+00	2.155539e-01	7.341795e-03	7.341795e-03
9.000000e+00	1.000000e+01	5.401350e-02	3.675153e-03	3.675153e-03
1.000000e+01	1.100000e+01	7.908264e-04	5.591987e-04	5.591987e-04
1.100000e+01	1.200000e+01	9.489917e-03	1.937121e-03	1.937121e-03
1.200000e+01	1.300000e+01	6.563859e-02	5.094543e-03	5.094543e-03
1.300000e+01	1.400000e+01	1.577699e-01	7.898373e-03	7.898373e-03
1.400000e+01	1.500000e+01	2.253855e-01	9.440361e-03	9.440361e-03
1.500000e+01	1.600000e+01	2.495057e-01	9.932666e-03	9.932666e-03
1.600000e+01	1.700000e+01	2.665085e-01	1.026552e-02	1.026552e-02
1.700000e+01	1.800000e+01	2.586002e-01	1.011207e-02	1.011207e-02
1.800000e+01	1.900000e+01	1.826809e-01	8.499085e-03	8.499085e-03
1.900000e+01	2.000000e+01	5.693950e-02	4.744958e-03	4.744958e-03
2.000000e+01	2.100000e+01	1.820388e-03	1.051002e-03	1.051002e-03
2.100000e+01	2.200000e+01	1.820388e-02	3.323560e-03	3.323560e-03
2.200000e+01	2.300000e+01	7.402913e-02	6.702282e-03	6.702282e-03
2.300000e+01	2.400000e+01	1.328883e-01	8.979762e-03	8.979762e-03
2.400000e+01	2.500000e+01	2.184466e-01	1.151314e-02	1.151314e-02
2.500000e+01	2.600000e+01	2.493932e-01	1.230166e-02	1.230166e-02
2.600000e+01	2.700000e+01	2.591019e-01	1.253882e-02	1.253882e-02
2.700000e+01	2.800000e+01	2.730583e-01	1.287209e-02	1.287209e-02
2.800000e+01	2.900000e+01	1.953883e-01	1.088857e-02	1.088857e-02
2.900000e+01	3.000000e+01	4.975728e-02	5.494773e-03	5.494773e-03
3.000000e+01	3.100000e+01	2.973241e-03	1.716601e-03	1.716601e-03
3.100000e+01	3.200000e+01	2.378593e-02	4.855282e-03	4.855282e-03
3.200000e+01	3.300000e+01	9.316155e-02	9.608880e-03	9.608880e-03
3.300000e+01	3.400000e+01	1.863231e-01	1.358901e-02	1.358901e-02
3.400000e+01	3.500000e+01	2.408325e-01	1.544941e-02	1.544941e-02
3.500000e+01	3.600000e+01	2.428147e-01	1.551286e-02	1.551286e-02
3.600000e+01	3.700000e+01	2.646184e-01	1.619438e-02	1.619438e-02
3.700000e+01	3.800000e+01	2.517344e-01	1.579522e-02	1.579522e-02
3.800000e+01	3.900000e+01	2.229931e-01	1.486620e-02	1.486620e-02
3.900000e+01	4.000000e+01	7.234886e-02	8.467794e-03	8.467794e-03
4.000000e+01	4.100000e+01	2.770083e-03	1.958744e-03	1.958744e-03
4.100000e+01	4.200000e+01	2.631579e-02	6.037256e-03	6.037256e-03
4.200000e+01	4.300000e+01	1.108033e-01	1.238819e-02	1.238819e-02
4.300000e+01	4.400000e+01	1.842105e-01	1.597308e-02	1.597308e-02
4.400000e+01	4.500000e+01	2.520776e-01	1.868523e-02	1.868523e-02
4.500000e+01	4.600000e+01	2.423823e-01	1.832238e-02	1.832238e-02
4.600000e+01	4.700000e+01	2.506925e-01	1.863383e-02	1.863383e-02
4.700000e+01	4.800000e+01	2.548476e-01	1.878762e-02	1.878762e-02
4.800000e+01	4.900000e+01	1.980609e-01	1.656269e-02	1.656269e-02
4.900000e+01	5.000000e+01	4.986150e-02	8.310249e-03	8.310249e-03
5.000000e+01	5.100000e+01	4.210526e-03	2.977292e-03	2.977292e-03
5.100000e+01	5.200000e+01	2.526316e-02	7.292846e-03	7.292846e-03
5.200000e+01	5.300000e+01	1.010526e-01	1.458569e-02	1.458569e-02
5.300000e+01	5.400000e+01	1.536842e-01	1.798738e-02	1.798738e-02
5.400000e+01	5.500000e+01	2.336842e-01	2.218032e-02	2.218032e-02
5.500000e+01	5.600000e+01	2.694737e-01	2.381833e-02	2.381833e-02
5.600000e+01	5.700000e+01	2.673684e-01	2.372511e-02	2.372511e-02
5.700000e+01	5.800000e+01	2.294737e-01	2.197959e-02	2.197959e-02
5.800000e+01	5.900000e+01	2.105263e-01	2.105263e-02	2.105263e-02
5.900000e+01	6.000000e+01	4.210526e-02	9.415023e-03	9.415023e-03
6.000000e+01	6.100000e+01	9.868421e-03	5.697535e-03	5.697535e-03
6.100000e+01	6.200000e+01	2.960526e-02	9.868421e-03	9.868421e-03
6.200000e+01	6.300000e+01	8.223684e-02	1.644737e-02	1.644737e-02
6.300000e+01	6.400000e+01	2.105263e-01	2.631579e-02	2.631579e-02
6.400000e+01	6.500000e+01	2.269737e-01	2.732442e-02	2.732442e-02
6.500000e+01	6.600000e+01	2.828947e-01	3.050532e-02	3.050532e-02
6.600000e+01	6.700000e+01	2.138158e-01	2.652058e-02	2.652058e-02
6.700000e+01	6.800000e+01	2.763158e-01	3.014852e-02	3.014852e-02
6.800000e+01	6.900000e+01	1.875000e-01	2.483498e-02	2.483498e-02
6.900000e+01	7.000000e+01	4.276316e-02	1.186037e-02	1.186037e-02
7.000000e+01	7.100000e+01	4.149378e-03	4.149377e-03	4.149377e-03
7.100000e+01	7.200000e+01	5.394191e-02	1.496079e-02	1.496079e-02
7.200000e+01	7.300000e+01	1.203320e-01	2.234508e-02	2.234508e-02
7.300000e+01	7.400000e+01	1.742739e-01	2.689104e-02	2.689104e-02
7.400000e+01	7.500000e+01	2.655602e-01	3.319501e-02	3.319501e-02
7.500000e+01	7.600000e+01	2.033195e-01	2.904564e-02	2.904564e-02
7.600000e+01	7.700000e+01	2.697095e-01	3.345336e-02	3.345336e-02
7.700000e+01	7.800000e+01	2.614108e-01	3.293466e-02	3.293466e-02
7.800000e+01	7.900000e+01	1.493776e-01	2.489626e-02	2.489626e-02
7.900000e+01	8.000000e+01	4.564315e-02	1.376193e-02	1.376193e-02
8.000000e+01	8.100000e+01	9.448819e-03	3.857464e-03	3.857464e-03
8.100000e+01	8.200000e+01	5.669291e-02	9.448819e-03	9.448819e-03
8.200000e+01	8.300000e+01	1.322835e-01	1.443331e-02	1.443331e-02
8.300000e+01	8.400000e+01	2.000000e-01	1.774713e-02	1.774713e-02
8.400000e+01	8.500000e+01	2.283465e-01	1.896314e-02	1.896314e-02
8.500000e+01	8.600000e+01	2.740157e-01	2.077308e-02	2.077308e-02
8.600000e+01	8.700000e+01	2.724409e-01	2.071330e-02	2.071330e-02
8.700000e+01	8.800000e+01	2.251969e-01	1.883191e-02	1.883191e-02
8.800000e+01	8.900000e+01	1.401575e-01	1.485666e-02	1.485666e-02
8.900000e+01	9.000000e+01	4.409449e-02	8.333075e-03	8.333075e-03
# END HISTO1D

