# BEGIN PLOT
LegendOnly=//home/hbro0008/Projects/LesHouches/JetMass/MC_gluon_vince_compare/Sherpa_gluon_lund.yoda/ATLAS_2018_I1222222/mg_pT_zc-02_b-0 //home/hbro0008/Projects/LesHouches/JetMass/MC_gluon_vince_compare/Sherpa_gluon_cluster.yoda/ATLAS_2018_I1222222/mg_pT_zc-02_b-0 //home/hbro0008/Projects/LesHouches/JetMass/MC_gluon_vince_compare/vingluon.yoda/ATLAS_2018_I1222222/mg_pT_zc-02_b-0 //home/hbro0008/Projects/LesHouches/JetMass/MC_gluon_vince_compare/py8gluon_full.yoda/ATLAS_2018_I1222222/mg_pT_zc-02_b-0
DrawOnly=//home/hbro0008/Projects/LesHouches/JetMass/MC_gluon_vince_compare/py8gluon_full.yoda/ATLAS_2018_I1222222/mg_pT_zc-02_b-0 //home/hbro0008/Projects/LesHouches/JetMass/MC_gluon_vince_compare/Sherpa_gluon_cluster.yoda/ATLAS_2018_I1222222/mg_pT_zc-02_b-0 //home/hbro0008/Projects/LesHouches/JetMass/MC_gluon_vince_compare/Sherpa_gluon_lund.yoda/ATLAS_2018_I1222222/mg_pT_zc-02_b-0 //home/hbro0008/Projects/LesHouches/JetMass/MC_gluon_vince_compare/vingluon.yoda/ATLAS_2018_I1222222/mg_pT_zc-02_b-0
YMax=0.38
Title=Groomed jet mass $m_g$ (13 TeV $p_{T} > 500$ GeV) 
RatioPlotReference=//home/hbro0008/Projects/LesHouches/JetMass/MC_gluon_vince_compare/Sherpa_gluon_lund.yoda/ATLAS_2018_I1222222/mg_pT_zc-02_b-0
RatioPlot=1
LogY=0
RatioPlotYMax=2.5
RatioPlotYLabel=Ratio
XLabel=$\log_{10}(m_g^2/p_{T,u}^2)$
YLabel=$\frac{m_g}{\sigma}\frac{d\sigma}{dm_g}$
Legend=1
LegendXPos=0.05
RatioPlotYMin=0.2
# END PLOT

# BEGIN HISTO1D //home/hbro0008/Projects/LesHouches/JetMass/MC_gluon_vince_compare/py8gluon_full.yoda/ATLAS_2018_I1222222/mg_pT_zc-02_b-0
ErrorBars=1
LineColor=red
LineStyle=solid
Path=//home/hbro0008/Projects/LesHouches/JetMass/MC_gluon_vince_compare/py8gluon_full.yoda/ATLAS_2018_I1222222/mg_pT_zc-02_b-0
ScaledBy=1.05955774059907396e-05
Title=Pythia 8.2
XLabel=~
YLabel=~
# xlow	 xhigh	 val	 errminus	 errplus
-7.500000e+00	-7.200000e+00	8.123277e-03	5.356330e-04	5.356330e-04
-7.200000e+00	-6.900000e+00	2.189753e-03	2.780989e-04	2.780989e-04
-6.900000e+00	-6.600000e+00	2.436983e-03	2.933783e-04	2.933783e-04
-6.600000e+00	-6.300000e+00	8.547100e-03	5.494284e-04	5.494284e-04
-6.300000e+00	-6.000000e+00	1.797716e-02	7.968238e-04	7.968238e-04
-6.000000e+00	-5.700000e+00	2.405196e-02	9.216731e-04	9.216731e-04
-5.700000e+00	-5.400000e+00	5.195363e-02	1.354596e-03	1.354596e-03
-5.400000e+00	-5.100000e+00	8.472930e-02	1.729890e-03	1.729890e-03
-5.100000e+00	-4.800000e+00	1.345285e-01	2.179761e-03	2.179761e-03
-4.800000e+00	-4.500000e+00	2.092273e-01	2.718385e-03	2.718385e-03
-4.500000e+00	-4.200000e+00	2.833257e-01	3.163331e-03	3.163331e-03
-4.200000e+00	-3.900000e+00	2.973825e-01	3.240854e-03	3.240854e-03
-3.900000e+00	-3.600000e+00	2.452170e-01	2.942910e-03	2.942910e-03
-3.600000e+00	-3.300000e+00	2.139600e-01	2.748957e-03	2.748957e-03
-3.300000e+00	-3.000000e+00	1.955944e-01	2.628330e-03	2.628330e-03
-3.000000e+00	-2.700000e+00	2.115937e-01	2.733714e-03	2.733714e-03
-2.700000e+00	-2.400000e+00	2.165030e-01	2.765245e-03	2.765245e-03
-2.400000e+00	-2.100000e+00	2.237080e-01	2.810881e-03	2.810881e-03
-2.100000e+00	-1.800000e+00	2.172093e-01	2.769752e-03	2.769752e-03
-1.800000e+00	-1.500000e+00	2.104988e-01	2.726632e-03	2.726632e-03
-1.500000e+00	-1.200000e+00	1.941463e-01	2.618582e-03	2.618582e-03
-1.200000e+00	-9.000000e-01	1.865528e-01	2.566862e-03	2.566862e-03
-9.000000e-01	-6.000000e-01	8.872030e-02	1.770163e-03	1.770163e-03
-6.000000e-01	-3.000000e-01	3.885047e-04	1.171385e-04	1.171385e-04
-3.000000e-01	0.000000e+00	0.000000e+00	0.000000e+00	0.000000e+00
# END HISTO1D


# BEGIN HISTO1D //home/hbro0008/Projects/LesHouches/JetMass/MC_gluon_vince_compare/Sherpa_gluon_cluster.yoda/ATLAS_2018_I1222222/mg_pT_zc-02_b-0
ErrorBars=1
LineColor=blue
LineStyle=solid
Path=//home/hbro0008/Projects/LesHouches/JetMass/MC_gluon_vince_compare/Sherpa_gluon_cluster.yoda/ATLAS_2018_I1222222/mg_pT_zc-02_b-0
ScaledBy=1.08480246513061197e-06
Title=Sherpa 2.2.6 + Cluster Had.
XLabel=~
YLabel=~
# xlow	 xhigh	 val	 errminus	 errplus
-7.500000e+00	-7.200000e+00	7.568030e-03	9.371199e-04	9.371199e-04
-7.200000e+00	-6.900000e+00	6.471213e-03	8.566407e-04	8.566407e-04
-6.900000e+00	-6.600000e+00	4.716310e-03	7.357665e-04	7.357665e-04
-6.600000e+00	-6.300000e+00	1.261338e-02	1.196485e-03	1.196485e-03
-6.300000e+00	-6.000000e+00	3.005276e-02	1.854884e-03	1.854884e-03
-6.000000e+00	-5.700000e+00	4.924703e-02	2.365158e-03	2.365158e-03
-5.700000e+00	-5.400000e+00	9.586170e-02	3.261068e-03	3.261068e-03
-5.400000e+00	-5.100000e+00	1.244886e-01	3.743663e-03	3.743663e-03
-5.100000e+00	-4.800000e+00	1.787810e-01	4.468768e-03	4.468768e-03
-4.800000e+00	-4.500000e+00	2.255054e-01	4.999844e-03	4.999844e-03
-4.500000e+00	-4.200000e+00	2.453577e-01	5.238372e-03	5.238372e-03
-4.200000e+00	-3.900000e+00	2.415189e-01	5.184123e-03	5.184123e-03
-3.900000e+00	-3.600000e+00	2.106983e-01	4.824744e-03	4.824744e-03
-3.600000e+00	-3.300000e+00	1.870071e-01	4.542196e-03	4.542196e-03
-3.300000e+00	-3.000000e+00	1.770261e-01	4.409146e-03	4.409146e-03
-3.000000e+00	-2.700000e+00	1.887620e-01	4.576497e-03	4.576497e-03
-2.700000e+00	-2.400000e+00	1.887620e-01	4.587000e-03	4.587000e-03
-2.400000e+00	-2.100000e+00	2.029109e-01	4.743016e-03	4.743016e-03
-2.100000e+00	-1.800000e+00	2.098209e-01	4.812261e-03	4.812261e-03
-1.800000e+00	-1.500000e+00	2.071885e-01	4.782168e-03	4.782168e-03
-1.500000e+00	-1.200000e+00	2.082853e-01	4.804755e-03	4.804755e-03
-1.200000e+00	-9.000000e-01	2.210084e-01	4.940544e-03	4.940544e-03
-9.000000e-01	-6.000000e-01	1.043072e-01	3.389498e-03	3.389498e-03
-6.000000e-01	-3.000000e-01	3.290448e-04	1.899741e-04	1.899741e-04
-3.000000e-01	0.000000e+00	0.000000e+00	0.000000e+00	0.000000e+00
# END HISTO1D


# BEGIN HISTO1D //home/hbro0008/Projects/LesHouches/JetMass/MC_gluon_vince_compare/Sherpa_gluon_lund.yoda/ATLAS_2018_I1222222/mg_pT_zc-02_b-0
ErrorBars=1
LineColor=green
LineStyle=solid
Path=//home/hbro0008/Projects/LesHouches/JetMass/MC_gluon_vince_compare/Sherpa_gluon_lund.yoda/ATLAS_2018_I1222222/mg_pT_zc-02_b-0
ScaledBy=1.08426730637980696e-06
Title=Sherpa 2.2.6 + String Had.
XLabel=~
YLabel=~
# xlow	 xhigh	 val	 errminus	 errplus
-7.500000e+00	-7.200000e+00	9.318337e-03	1.010715e-03	1.010715e-03
-7.200000e+00	-6.900000e+00	9.976100e-03	1.045780e-03	1.045780e-03
-6.900000e+00	-6.600000e+00	3.288825e-03	6.004545e-04	6.004545e-04
-6.600000e+00	-6.300000e+00	9.208710e-03	1.016643e-03	1.016643e-03
-6.300000e+00	-6.000000e+00	2.466618e-02	1.680557e-03	1.680557e-03
-6.000000e+00	-5.700000e+00	3.365563e-02	1.927075e-03	1.927075e-03
-5.700000e+00	-5.400000e+00	6.676313e-02	2.736299e-03	2.736299e-03
-5.400000e+00	-5.100000e+00	9.296410e-02	3.255770e-03	3.255770e-03
-5.100000e+00	-4.800000e+00	1.635642e-01	4.279686e-03	4.279686e-03
-4.800000e+00	-4.500000e+00	2.221053e-01	4.978102e-03	4.978102e-03
-4.500000e+00	-4.200000e+00	2.693547e-01	5.469302e-03	5.469302e-03
-4.200000e+00	-3.900000e+00	2.854700e-01	5.632762e-03	5.632762e-03
-3.900000e+00	-3.600000e+00	2.350413e-01	5.099741e-03	5.099741e-03
-3.600000e+00	-3.300000e+00	1.900941e-01	4.586046e-03	4.586046e-03
-3.300000e+00	-3.000000e+00	1.808854e-01	4.471941e-03	4.471941e-03
-3.000000e+00	-2.700000e+00	1.880111e-01	4.558448e-03	4.558448e-03
-2.700000e+00	-2.400000e+00	1.885593e-01	4.575552e-03	4.575552e-03
-2.400000e+00	-2.100000e+00	2.009472e-01	4.721624e-03	4.721624e-03
-2.100000e+00	-1.800000e+00	2.103751e-01	4.819871e-03	4.819871e-03
-1.800000e+00	-1.500000e+00	2.097174e-01	4.809887e-03	4.809887e-03
-1.500000e+00	-1.200000e+00	2.075248e-01	4.797377e-03	4.797377e-03
-1.200000e+00	-9.000000e-01	2.255037e-01	4.984134e-03	4.984134e-03
-9.000000e-01	-6.000000e-01	1.029402e-01	3.370043e-03	3.370043e-03
-6.000000e-01	-3.000000e-01	5.481373e-04	2.451345e-04	2.451345e-04
-3.000000e-01	0.000000e+00	0.000000e+00	0.000000e+00	0.000000e+00
# END HISTO1D


# BEGIN HISTO1D //home/hbro0008/Projects/LesHouches/JetMass/MC_gluon_vince_compare/vingluon.yoda/ATLAS_2018_I1222222/mg_pT_zc-02_b-0
ErrorBars=1
LineColor=orange
LineStyle=solid
Path=//home/hbro0008/Projects/LesHouches/JetMass/MC_gluon_vince_compare/vingluon.yoda/ATLAS_2018_I1222222/mg_pT_zc-02_b-0
ScaledBy=1.16771956047035739e-05
Title=Vincia 2.3-$\beta$
XLabel=~
YLabel=~
# xlow	 xhigh	 val	 errminus	 errplus
-7.500000e+00	-7.200000e+00	8.563277e-03	5.773360e-04	5.773360e-04
-7.200000e+00	-6.900000e+00	2.919299e-03	3.370916e-04	3.370916e-04
-6.900000e+00	-6.600000e+00	3.152843e-03	3.503159e-04	3.503159e-04
-6.600000e+00	-6.300000e+00	9.224983e-03	5.992271e-04	5.992271e-04
-6.300000e+00	-6.000000e+00	2.066864e-02	8.969424e-04	8.969424e-04
-6.000000e+00	-5.700000e+00	3.090564e-02	1.096800e-03	1.096800e-03
-5.700000e+00	-5.400000e+00	5.624517e-02	1.479623e-03	1.479623e-03
-5.400000e+00	-5.100000e+00	9.637580e-02	1.936835e-03	1.936835e-03
-5.100000e+00	-4.800000e+00	1.511029e-01	2.425186e-03	2.425186e-03
-4.800000e+00	-4.500000e+00	2.238518e-01	2.951814e-03	2.951814e-03
-4.500000e+00	-4.200000e+00	2.834055e-01	3.321336e-03	3.321336e-03
-4.200000e+00	-3.900000e+00	2.920467e-01	3.371590e-03	3.371590e-03
-3.900000e+00	-3.600000e+00	2.287952e-01	2.984229e-03	2.984229e-03
-3.600000e+00	-3.300000e+00	1.764035e-01	2.620368e-03	2.620368e-03
-3.300000e+00	-3.000000e+00	1.688912e-01	2.563965e-03	2.563965e-03
-3.000000e+00	-2.700000e+00	1.850057e-01	2.683498e-03	2.683498e-03
-2.700000e+00	-2.400000e+00	1.946199e-01	2.752341e-03	2.752341e-03
-2.400000e+00	-2.100000e+00	2.024436e-01	2.807118e-03	2.807118e-03
-2.100000e+00	-1.800000e+00	2.089050e-01	2.851564e-03	2.851564e-03
-1.800000e+00	-1.500000e+00	2.136538e-01	2.883792e-03	2.883792e-03
-1.500000e+00	-1.200000e+00	2.165341e-01	2.903166e-03	2.903166e-03
-1.200000e+00	-9.000000e-01	2.283670e-01	2.981435e-03	2.981435e-03
-9.000000e-01	-6.000000e-01	1.251017e-01	2.206685e-03	2.206685e-03
-6.000000e-01	-3.000000e-01	1.167720e-03	2.131955e-04	2.131955e-04
-3.000000e-01	0.000000e+00	0.000000e+00	0.000000e+00	0.000000e+00
# END HISTO1D

# BEGIN SPECIAL /spec/spec
\uput{4pt}[180]{0}(0.98,0.92){$pp\to Z g$}
\uput{4pt}[180]{0}(0.98,0.85){$z_\mathrm{cut}=0.2,~~\beta=0$}
# END SPECIAL
