# BEGIN PLOT
LegendOnly=//home/hbro0008/Projects/LesHouches/JetMass/MC_gluon_vince_compare/Sherpa_gluon_lund.yoda/ATLAS_2018_I1222222/mg_pT_zc-02_b-0 //home/hbro0008/Projects/LesHouches/JetMass/MC_gluon_vince_compare/Sherpa_gluon_cluster.yoda/ATLAS_2018_I1222222/mg_pT_zc-02_b-0 //home/hbro0008/Projects/LesHouches/JetMass/MC_gluon_vince_compare/vingluon.yoda/ATLAS_2018_I1222222/mg_pT_zc-02_b-0 //home/hbro0008/Projects/LesHouches/JetMass/MC_gluon_vince_compare/py8gluon_full.yoda/ATLAS_2018_I1222222/mg_pT_zc-02_b-0
DrawOnly=//home/hbro0008/Projects/LesHouches/JetMass/MC_gluon_vince_compare/py8gluon_full.yoda/ATLAS_2018_I1222222/mg_pT_zc-02_b-0 //home/hbro0008/Projects/LesHouches/JetMass/MC_gluon_vince_compare/Sherpa_gluon_cluster.yoda/ATLAS_2018_I1222222/mg_pT_zc-02_b-0 //home/hbro0008/Projects/LesHouches/JetMass/MC_gluon_vince_compare/Sherpa_gluon_lund.yoda/ATLAS_2018_I1222222/mg_pT_zc-02_b-0 //home/hbro0008/Projects/LesHouches/JetMass/MC_gluon_vince_compare/vingluon.yoda/ATLAS_2018_I1222222/mg_pT_zc-02_b-0
YMax=0.38
Title=13 TeV, Groomed Charged jet mass $m_g$ ($500$ GeV $< p_{T}$ $z_{cut}=0.2$\n $\beta=0$) 
RatioPlotReference=//home/hbro0008/Projects/LesHouches/JetMass/MC_gluon_vince_compare/py8gluon_full.yoda/ATLAS_2018_I1222222/mg_pT_zc-02_b-0
RatioPlot=1
LogY=0
RatioPlotYMax=2.5
RatioPlotYLabel=Ratio
XLabel=$\log_{10}(m_g^2/p_{T,u}^2)$
YLabel=$\frac{m_g}{\sigma}\frac{d\sigma}{dm_g}$
Legend=1
LegendXPos=0.05
RatioPlotYMin=0.2
# END PLOT

# BEGIN HISTO1D //home/hbro0008/Projects/LesHouches/JetMass/MC_gluon_vince_compare/py8gluon_full.yoda/ATLAS_2018_I1222222/mg_pT_zc-02_b-0
ErrorBars=1
LineColor=red
LineStyle=solid
Path=//home/hbro0008/Projects/LesHouches/JetMass/MC_gluon_vince_compare/py8gluon_full.yoda/ATLAS_2018_I1222222/mg_pT_zc-02_b-0
ScaledBy=1.05955774059907396e-05
Title=Pythia 8.2
XLabel=~
YLabel=~
# xlow	 xhigh	 val	 errminus	 errplus
-7.500000e+00	-7.200000e+00	3.602497e-03	3.567003e-04	3.567003e-04
-7.200000e+00	-6.900000e+00	1.486913e-02	7.246769e-04	7.246769e-04
-6.900000e+00	-6.600000e+00	1.271469e-02	6.701231e-04	6.701231e-04
-6.600000e+00	-6.300000e+00	8.229233e-03	5.391149e-04	5.391149e-04
-6.300000e+00	-6.000000e+00	1.561082e-02	7.425309e-04	7.425309e-04
-6.000000e+00	-5.700000e+00	2.751318e-02	9.857621e-04	9.857621e-04
-5.700000e+00	-5.400000e+00	4.732690e-02	1.292873e-03	1.292873e-03
-5.400000e+00	-5.100000e+00	7.868983e-02	1.667097e-03	1.667097e-03
-5.100000e+00	-4.800000e+00	1.266525e-01	2.114991e-03	2.114991e-03
-4.800000e+00	-4.500000e+00	1.880362e-01	2.577047e-03	2.577047e-03
-4.500000e+00	-4.200000e+00	2.556006e-01	3.004572e-03	3.004572e-03
-4.200000e+00	-3.900000e+00	2.831491e-01	3.162345e-03	3.162345e-03
-3.900000e+00	-3.600000e+00	2.619227e-01	3.041503e-03	3.041503e-03
-3.600000e+00	-3.300000e+00	2.323257e-01	2.864510e-03	2.864510e-03
-3.300000e+00	-3.000000e+00	2.149489e-01	2.755303e-03	2.755303e-03
-3.000000e+00	-2.700000e+00	2.124766e-01	2.739412e-03	2.739412e-03
-2.700000e+00	-2.400000e+00	2.137481e-01	2.747596e-03	2.747596e-03
-2.400000e+00	-2.100000e+00	2.237786e-01	2.811324e-03	2.811324e-03
-2.100000e+00	-1.800000e+00	2.201055e-01	2.788156e-03	2.788156e-03
-1.800000e+00	-1.500000e+00	2.149843e-01	2.755529e-03	2.755529e-03
-1.500000e+00	-1.200000e+00	1.937931e-01	2.616200e-03	2.616200e-03
-1.200000e+00	-9.000000e-01	1.864468e-01	2.566133e-03	2.566133e-03
-9.000000e-01	-6.000000e-01	9.539550e-02	1.835548e-03	1.835548e-03
-6.000000e-01	-3.000000e-01	7.063717e-04	1.579495e-04	1.579495e-04
-3.000000e-01	0.000000e+00	7.063717e-05	4.994803e-05	4.994803e-05
# END HISTO1D


# BEGIN HISTO1D //home/hbro0008/Projects/LesHouches/JetMass/MC_gluon_vince_compare/Sherpa_gluon_cluster.yoda/ATLAS_2018_I1222222/mg_pT_zc-02_b-0
ErrorBars=1
LineColor=blue
LineStyle=solid
Path=//home/hbro0008/Projects/LesHouches/JetMass/MC_gluon_vince_compare/Sherpa_gluon_cluster.yoda/ATLAS_2018_I1222222/mg_pT_zc-02_b-0
ScaledBy=1.08480246513061197e-06
Title=Sherpa 2.2.6 + Cluster Had.
XLabel=~
YLabel=~
# xlow	 xhigh	 val	 errminus	 errplus
-7.500000e+00	-7.200000e+00	4.058220e-03	6.849613e-04	6.849613e-04
-7.200000e+00	-6.900000e+00	1.700065e-02	1.374306e-03	1.374306e-03
-6.900000e+00	-6.600000e+00	2.051046e-02	1.507873e-03	1.507873e-03
-6.600000e+00	-6.300000e+00	1.294243e-02	1.211473e-03	1.211473e-03
-6.300000e+00	-6.000000e+00	2.522677e-02	1.670620e-03	1.670620e-03
-6.000000e+00	-5.700000e+00	4.420167e-02	2.234384e-03	2.234384e-03
-5.700000e+00	-5.400000e+00	7.929980e-02	2.977608e-03	2.977608e-03
-5.400000e+00	-5.100000e+00	1.198820e-01	3.672287e-03	3.672287e-03
-5.100000e+00	-4.800000e+00	1.589286e-01	4.203825e-03	4.203825e-03
-4.800000e+00	-4.500000e+00	1.980850e-01	4.702258e-03	4.702258e-03
-4.500000e+00	-4.200000e+00	2.351573e-01	5.109326e-03	5.109326e-03
-4.200000e+00	-3.900000e+00	2.473320e-01	5.242964e-03	5.242964e-03
-3.900000e+00	-3.600000e+00	2.253957e-01	5.005857e-03	5.005857e-03
-3.600000e+00	-3.300000e+00	1.991818e-01	4.702258e-03	4.702258e-03
-3.300000e+00	-3.000000e+00	1.884330e-01	4.562016e-03	4.562016e-03
-3.000000e+00	-2.700000e+00	1.889814e-01	4.579124e-03	4.579124e-03
-2.700000e+00	-2.400000e+00	1.951236e-01	4.672745e-03	4.672745e-03
-2.400000e+00	-2.100000e+00	2.019238e-01	4.734130e-03	4.734130e-03
-2.100000e+00	-1.800000e+00	2.105887e-01	4.816009e-03	4.816009e-03
-1.800000e+00	-1.500000e+00	2.103693e-01	4.816009e-03	4.816009e-03
-1.500000e+00	-1.200000e+00	2.120145e-01	4.842165e-03	4.842165e-03
-1.200000e+00	-9.000000e-01	2.308798e-01	5.053692e-03	5.053692e-03
-9.000000e-01	-6.000000e-01	1.065008e-01	3.424807e-03	3.424807e-03
-6.000000e-01	-3.000000e-01	7.677710e-04	2.901902e-04	2.901902e-04
-3.000000e-01	0.000000e+00	0.000000e+00	0.000000e+00	0.000000e+00
# END HISTO1D


# BEGIN HISTO1D //home/hbro0008/Projects/LesHouches/JetMass/MC_gluon_vince_compare/Sherpa_gluon_lund.yoda/ATLAS_2018_I1222222/mg_pT_zc-02_b-0
ErrorBars=1
LineColor=green
LineStyle=solid
Path=//home/hbro0008/Projects/LesHouches/JetMass/MC_gluon_vince_compare/Sherpa_gluon_lund.yoda/ATLAS_2018_I1222222/mg_pT_zc-02_b-0
ScaledBy=1.08426730637980696e-06
Title=Sherpa 2.2.6 + String Had.
XLabel=~
YLabel=~
# xlow	 xhigh	 val	 errminus	 errplus
-7.500000e+00	-7.200000e+00	3.946590e-03	6.577649e-04	6.577649e-04
-7.200000e+00	-6.900000e+00	1.885593e-02	1.462613e-03	1.462613e-03
-6.900000e+00	-6.600000e+00	1.786928e-02	1.399630e-03	1.399630e-03
-6.600000e+00	-6.300000e+00	1.238791e-02	1.165356e-03	1.165356e-03
-6.300000e+00	-6.000000e+00	1.929444e-02	1.487060e-03	1.487060e-03
-6.000000e+00	-5.700000e+00	3.902740e-02	2.074249e-03	2.074249e-03
-5.700000e+00	-5.400000e+00	5.591003e-02	2.490258e-03	2.490258e-03
-5.400000e+00	-5.100000e+00	9.186783e-02	3.226104e-03	3.226104e-03
-5.100000e+00	-4.800000e+00	1.372536e-01	3.934390e-03	3.934390e-03
-4.800000e+00	-4.500000e+00	1.961236e-01	4.670440e-03	4.670440e-03
-4.500000e+00	-4.200000e+00	2.483063e-01	5.267826e-03	5.267826e-03
-4.200000e+00	-3.900000e+00	2.803175e-01	5.591002e-03	5.591002e-03
-3.900000e+00	-3.600000e+00	2.559802e-01	5.317780e-03	5.317780e-03
-3.600000e+00	-3.300000e+00	2.143217e-01	4.859602e-03	4.859602e-03
-3.300000e+00	-3.000000e+00	1.876823e-01	4.546568e-03	4.546568e-03
-3.000000e+00	-2.700000e+00	1.916288e-01	4.596517e-03	4.596517e-03
-2.700000e+00	-2.400000e+00	1.949177e-01	4.658846e-03	4.658846e-03
-2.400000e+00	-2.100000e+00	1.995220e-01	4.707604e-03	4.707604e-03
-2.100000e+00	-1.800000e+00	2.121292e-01	4.837294e-03	4.837294e-03
-1.800000e+00	-1.500000e+00	2.108137e-01	4.829834e-03	4.829834e-03
-1.500000e+00	-1.200000e+00	2.091692e-01	4.821117e-03	4.821117e-03
-1.200000e+00	-9.000000e-01	2.214475e-01	4.946617e-03	4.946617e-03
-9.000000e-01	-6.000000e-01	1.128067e-01	3.523463e-03	3.523463e-03
-6.000000e-01	-3.000000e-01	8.770200e-04	3.100734e-04	3.100734e-04
-3.000000e-01	0.000000e+00	0.000000e+00	0.000000e+00	0.000000e+00
# END HISTO1D


# BEGIN HISTO1D //home/hbro0008/Projects/LesHouches/JetMass/MC_gluon_vince_compare/vingluon.yoda/ATLAS_2018_I1222222/mg_pT_zc-02_b-0
ErrorBars=1
LineColor=orange
LineStyle=solid
Path=//home/hbro0008/Projects/LesHouches/JetMass/MC_gluon_vince_compare/vingluon.yoda/ATLAS_2018_I1222222/mg_pT_zc-02_b-0
ScaledBy=1.16771956047035739e-05
Title=Vincia 2.3-$\beta$
XLabel=~
YLabel=~
# xlow	 xhigh	 val	 errminus	 errplus
-7.500000e+00	-7.200000e+00	3.386387e-03	3.630588e-04	3.630588e-04
-7.200000e+00	-6.900000e+00	1.584206e-02	7.852619e-04	7.852619e-04
-6.900000e+00	-6.600000e+00	1.381801e-02	7.333841e-04	7.333841e-04
-6.600000e+00	-6.300000e+00	9.263910e-03	6.004900e-04	6.004900e-04
-6.300000e+00	-6.000000e+00	1.786611e-02	8.339186e-04	8.339186e-04
-6.000000e+00	-5.700000e+00	3.378603e-02	1.146772e-03	1.146772e-03
-5.700000e+00	-5.400000e+00	5.130180e-02	1.413107e-03	1.413107e-03
-5.400000e+00	-5.100000e+00	8.676157e-02	1.837690e-03	1.837690e-03
-5.100000e+00	-4.800000e+00	1.417612e-01	2.349023e-03	2.349023e-03
-4.800000e+00	-4.500000e+00	2.022880e-01	2.806039e-03	2.806039e-03
-4.500000e+00	-4.200000e+00	2.567426e-01	3.161241e-03	3.161241e-03
-4.200000e+00	-3.900000e+00	2.777616e-01	3.288098e-03	3.288098e-03
-3.900000e+00	-3.600000e+00	2.510208e-01	3.125817e-03	3.125817e-03
-3.600000e+00	-3.300000e+00	2.013538e-01	2.799552e-03	2.799552e-03
-3.300000e+00	-3.000000e+00	1.821643e-01	2.662810e-03	2.662810e-03
-3.000000e+00	-2.700000e+00	1.849279e-01	2.682933e-03	2.682933e-03
-2.700000e+00	-2.400000e+00	1.938025e-01	2.746555e-03	2.746555e-03
-2.400000e+00	-2.100000e+00	2.025215e-01	2.807658e-03	2.807658e-03
-2.100000e+00	-1.800000e+00	2.107734e-01	2.864287e-03	2.864287e-03
-1.800000e+00	-1.500000e+00	2.167677e-01	2.904731e-03	2.904731e-03
-1.500000e+00	-1.200000e+00	2.187528e-01	2.918001e-03	2.918001e-03
-1.200000e+00	-9.000000e-01	2.303132e-01	2.994112e-03	2.994112e-03
-9.000000e-01	-6.000000e-01	1.273593e-01	2.226506e-03	2.226506e-03
-6.000000e-01	-3.000000e-01	1.673731e-03	2.552417e-04	2.552417e-04
-3.000000e-01	0.000000e+00	2.724679e-04	1.029832e-04	1.029832e-04
# END HISTO1D

# BEGIN SPECIAL /spec/spec
\uput{4pt}[180]{0}(0.98,0.92){$pp\to Z g$}
\uput{4pt}[180]{0}(0.98,0.85){$z_\mathrm{cut}=0.2,~~\beta=0$}
# END SPECIAL
